#time0row7[msb-lsb],time0row6[msb-lst],....,time0row0[msb-lst]#
#time1row7[msb-lsb],time1row6[msb-lst],....,time1row0[msb-lst]#
#................#
10010110101000000000000000000000
10011110101100000000000000000000
10110101001000000000000000000000
01100000010000000000000000000000
01001101000100000000000000000000
01110101011100000000000000000000
00011101111000000000000000000000
00111010010100000000000000000000
01101001011010100000000000000000
01111001111010110000000000000000
00011011010100100000000000000000
10000110000001000000000000000000
11010100110100010000000000000000
00000111010101110000000000000000
00110001110111100000000000000000
00000011101001010000000000000000
00000110100101100000000000000000
00000111100111100000000000000000
00000001101101010000000000000000
00001000011000000000000000000000
00001101010011010000000000000000
00000000011101010000000000000000
00000011000111010000000000000000
00000000001110100000000000000000
01001100101100001001011010100000
00001111101000001001111010110000
11010010110000001011010100100000
10011000111000000110000001000000
00111110101100000100110100010000
00110010010000000111010101110000
00110000000100000001110111100000
00110000010100000011101001010000
11000100110010110110100101101010
01100000111110100111100111101011
10011101001011000001101101010010
01111001100011101000011000000100
00010011111010111101010011010001
10110011001001000000011101010111
11000011000000010011000111011110
10000011000001010000001110100101
00001100010011000000011010010110
00000110000011110000011110011110
00001001110100100000000110110101
00000111100110000000100001100000
00000001001111100000110101001101
00001011001100100000000001110101
00001100001100000000001100011101
00001000001100000000000000111010
00111101001100000100110010110000
00111100100100000000111110100000
00100010010100001101001011000000
10000111010100001001100011100000
01100011001100000011111010110000
01100101110000000011001001000000
10000101101100000011000000010000
01100011100100000011000001010000
01100011110100111100010011001011
11110011110010010110000011111010
00110010001001011001110100101100
11111000011101010111100110001110
11000110001100110001001111101011
01010110010111001011001100100100
10111000010110111100001100000001
10110110001110011000001100000101
00000110001111010000110001001100
00001111001111000000011000001111
00000011001000100000100111010010
00001111100001110000011110011000
00001100011000110000000100111110
00000101011001010000101100110010
00001011100001010000110000110000
00001011011000110000100000110000
