#time0row7[msb-lsb],time0row6[msb-lst],....,time0row0[msb-lst]#
#time1row7[msb-lsb],time1row6[msb-lst],....,time1row0[msb-lst]#
#................#
01111010011000000000000000000000
01000001000000000000000000000000
00101111111100000000000000000000
10101111100100000000000000000000
11110001011100000000000000000000
00110101001000000000000000000000
00111010100100000000000000000000
11101100111000000000000000000000
11000111101001100000000000000000
00100100000100000000000000000000
10100010111111110000000000000000
10101010111110010000000000000000
11101111000101110000000000000000
10010011010100100000000000000000
10100011101010010000000000000000
10001110110011100000000000000000
00001100011110100000000000000000
00000010010000010000000000000000
00001010001011110000000000000000
00001010101011110000000000000000
00001110111100010000000000000000
00001001001101010000000000000000
00001010001110100000000000000000
00001000111011000000000000000000
00111011011100000111101001100000
01111111010000000100000100000000
10100001110100000010111111110000
10010100110100001010111110010000
11000001111100001111000101110000
11011011100100000011010100100000
11010101000100000011101010010000
10111111001000001110110011100000
10100011101101111100011110100110
00110111111101000010010000010000
01101010000111011010001011111111
11111001010011011010101011111001
11011100000111111110111100010111
00001101101110011001001101010010
01101101010100011010001110101001
11011011111100101000111011001110
00001010001110110000110001111010
00000011011111110000001001000001
00000110101000010000101000101111
00001111100101000000101010101111
00001101110000010000111011110001
00000000110110110000100100110101
00000110110101010000101000111010
00001101101111110000100011101100
10110110011100000011101101110000
10000100011000000111111101000000
01101111010100001010000111010000
11101100001000001001010011010000
01011101001100001100000111110000
00100001001000001101101110010000
01000010110100001101010100010000
01110110010000001011111100100000
10101011011001111010001110110111
10011000010001100011011111110100
10000110111101010110101000011101
10001110110000101111100101001101
11100101110100111101110000011111
11000010000100100000110110111001
01110100001011010110110101010001
00010111011001001101101111110010
00001010101101100000101000111011
00001001100001000000001101111111
00001000011011110000011010100001
00001000111011000000111110010100
00001110010111010000110111000001
00001100001000010000000011011011
00000111010000100000011011010101
00000001011101100000110110111111
00110010110100000000000000000000
00111111111100000000000000000000
10100101010100000000000000000000
00011001011000000000000000000000
00000010010000000000000000000000
01001011001100000000000000000000
10100110110000000000000000000000
10111011111000000000000000000000
01100011001011010000000000000000
10100011111111110000000000000000
00101010010101010000000000000000
00110001100101100000000000000000
10000000001001000000000000000000
11010100101100110000000000000000
01101010011011000000000000000000
00101011101111100000000000000000
00000110001100100000000000000000
00001010001111110000000000000000
00000010101001010000000000000000
00000011000110010000000000000000
00001000000000100000000000000000
00001101010010110000000000000000
00000110101001100000000000000000
00000010101110110000000000000000
01010010010100000011001011010000
10101001000100000011111111110000
11010001101000001010010101010000
00001111011100000001100101100000
01000100110000000000001001000000
00001111000100000100101100110000
00010100100000001010011011000000
10111110100100001011101111100000
10100101001001010110001100101101
11101010100100011010001111111111
01001101000110100010101001010101
00100000111101110011000110010110
01010100010011001000000000100100
10100000111100011101010010110011
11110001010010000110101001101100
10111011111010010010101110111110
00001010010100100000011000110010
00001110101010010000101000111111
00000100110100010000001010100101
00000010000011110000001100011001
00000101010001000000100000000010
00001010000011110000110101001011
00001111000101000000011010100110
00001011101111100000001010111011
00001101111000000101001001010000
10000111110000001010100100010000
11011111001100001101000110100000
01000101010100000000111101110000
11000011110000000100010011000000
11111000011100000000111100010000
01100111100000000001010010000000
01110011101100001011111010010000
11100000110111101010010100100101
11111000011111001110101010010001
01101101111100110100110100011010
11100100010101010010000011110111
01001100001111000101010001001100
00111111100001111010000011110001
01100110011110001111000101001000
10000111001110111011101111101001
00001110000011010000101001010010
00001111100001110000111010101001
00000110110111110000010011010001
00001110010001010000001000001111
00000100110000110000010101000100
00000011111110000000101000001111
00000110011001110000111100010100
00001000011100110000101110111110
