#time0row7[msb-lsb],time0row6[msb-lst],....,time0row0[msb-lst]#
#time1row7[msb-lsb],time1row6[msb-lst],....,time1row0[msb-lst]#
#................#
00000000000000000000000000000000
00000000000000000000000000000000
00000000000000000000000000000000
00000000000000000000000000000000
00000000000000000000000000000000
00000000000000000000000000000000
00000000000000000000000000000000
00000000000000000000000000000000
00000000000000000000000000000000
00000000000000000000000000000000
00000000000000000000000000000000
00000000000000000000000000000000
00000000000000000000000000000000
00000000000000000000000000000000
00000000000000000000000000000000
00000000000000000000000000000000
00000000000000000000000000000000
00000000000000000000000000000000
00000000000000000000000000000000
00100000010000010100100000000111
00000110100000110010010000000110
01100101011100110111010100001001
00001010100000001100001000110011
00001000101000011100000010010011
00001000100100011011000010010011
00001000100100101011000010010010
00001000101000101011000010010010
00000111101000011011000010010001
00001000100100101011000010010001
00000111100000101011000010010001
00001000100100011011000010010010
00000111101000101010000010010001
00001000100100101011000010100010
00000111100100011011000010010010
00000101100100001011000001100100
00000000000000000000000000000000
00000000000000000000000000000000
00100000101000000010001100001001
00010100101000000010001000000100
01010101110100000101001100000101
00001001110100000110000100000011
00010110110001001000000001000100
01000010100100111001000101110011
00000011011000110110000010010000
00000010011100100101000010100001
00000011011100100101000010100001
00000011011100110110000010100000
00000011011100100110000010100001
00000011100000100110000010110001
00010011100000100110000010110001
00010100100100100110000010100001
00100100100000100110000010010001
00110010100000100111000000110100
00000000000000000000000000000000
00000000000000000000000000000000
00010000101100000010001000001001
00010010101000000001001100000011
01010100101100010010010000000100
00010111110000010101001000000001
01010001100000010101000000100110
10100000001000000111011101011001
01010000000000110110100011110010
00110000000100110101010111110011
00100000000100100110010011110011
00110000000100110111010111110011
00110000000101000110010111110011
00100000000100110110010111110011
00110000000101000111010111110011
00110000000101010111011011110010
00110000000101001000010111110010
00100000000100110110010101110100
00000000000000000000000000000000
00000000000000000000000000000000
00010000101100000001001000001000
00000010100100000000001000000011
01010011100100000011001100000011
00101000110100010101000000000001
00010010101000010100000000010101
01100000100000000010010000001011
00110000011100100101100010010110
00100000011100110101100011110011
00100001100000110101011111110100
00010001100000110101011011100101
00010001100000110100011111110100
00100000011100110101011111100101
00010001100000110101011111110100
00010000011100110101100011110101
00100000011101000101100011110100
00010000011100110101011111000110
00000000000000000000000000000000
00000000000000000000000000000000
00000000101000000001000100001000
00010011100000000000000100000100
10100111100000000110000000100101
01010111101100001000000001000001
01000010101100100101000000100100
00110000100000000001001100000111
01000001101000100010001101000010
00100000101001000100001010100000
00010010110101010100001010100000
00100001110001010100001010100000
01000001110001000100000110010001
00110001110001000011000010100001
00010001110001010011001010100000
00010001110001000100001010110000
00100000101100110011001010110000
00000000101101000011001101110000
00000000000000000000000000000000
00000000000000000000000000000000
00010000101000000001001000001000
00110000011000000010001100000100
10000010001100001011001101101000
01000000001100001011011001111000
01100010010100000101010100001001
01110000100100000010010000000111
01100010101100010011000101000010
00100001101001000100000110010000
00110010110001010011000110100000
00110001110001100011000101110001
01000010101101100100000110010001
01000010110001010100000010010001
00110010110101010100000010010000
00110001110001010011000010100000
00110000101001010011000110100001
00010000100001010100001101010000
00000000000000000000000000000000
00000000000000000000000000000000
00000000101100000001000100001001
00100001100000000001001100000100
10000000010000000110010001001100
00110000001100000111011000101010
01000001100000000101001000001000
01100000100000000011001100000111
01000001110000110100001001010001
00100010110001010100001010010000
00110001101001010011000110010001
00110010101101000100000010000000
01000011101001000011000010000001
01010011101101000011000010010001
01000011101101000100000010100001
01010011101101000010000110100001
00110000101001010010001110100001
00000000100001100011010001000000
00000000000000000000000000000000
00000000000000000000000000000000
00000000101100000000000100001000
00000000100100000000001000000011
01000000001000000001000100010110
01010001000100001001010001000101
01010100100000001000001000001000
10010001101000000100001000010111
01100010110100100100000101000011
01000010110001010011000110010000
00110010110001100100000010000000
01000011110001010100000010000001
01000011110001010100000010010001
00110010110001010011001010010000
00110010110001010100000110010000
00100001110001010011001010000000
00000000101101010010001010000000
00000000100101010010010000110001
00000000000000000000000000000000
00000000000000000000000000000000
00010000101000000001000100001000
00000010011000000010001000000010
01110100001100001010001100000110
01111011010000001111001001000111
01100101100100001000001000001011
01110010100100000000011000100101
01000000101000110101001001010000
00110010101001000010000110100000
01000010101001000010000010000001
01000010101001010011000101110001
01000000101001100011000101100001
01010000100001100011001010010000
00010000011101010010000110010000
00100000100001010010000001110000
00100000100101000011000010000000
00100000100001000011001101000000
00000000000000000000000000000000
00000000000000000000000000000000
00010000101100000000001000000110
00100011010000001000001100000001
10000111001100001011000101010011
01110011010000001010000001001001
10000000001100000100010100010101
10000100011100000100010000010010
01010000100001100111001101100000
01010010010001100111001010110010
01000011010101010110001010110010
01010001011101010011000110010001
01010010011001010100001001110011
01000000000101100110011010000011
00100010000101000110001111000010
00100000000100100110000110110011
01000000001000100101001010110011
01110000001100110100010101110011
00000000000000000000000000000000
00000000000000000000000000000000
00100000100100000000000100001000
01100001001100000110001100010101
01110000000000001001001110111000
10100001000000000111001101111101
10000000000000100101101101010110
01110010010101000100011000100100
01110010010100110101001001110011
10000100001100110010010010010110
01100000001000110101010110010100
10010011001001000110010110010011
01110110010100100011000101110110
01110001000100110011100001110110
01010010000101000010011101100111
01010001001000100010011110000111
01100100001000010011101001110110
10001001010100000100011111000100
00000000000000000000000000000000
00000000000000000000000000000000
00100000100100000000001000001001
00010000001000000001001000100101
00100001000000100010010001110111
01110001000100010100010100111011
00110010000100000010010100111001
01000000001000010010011001110100
00110000000100100100010011000100
01000010000100000011010010100100
01010100010000110011010111000101
01010101001100100100001111010101
01100100010100100100001010100101
01010010010000010011010011000100
01000001000100000001010110100110
00110010000100010010011010000100
01010110001000010010100110110011
01000111010000100100100010010011
00000000000000000000000000000000
00000000000000000000000000000000
00000000100100000001000100001001
00000000000000000001010000100011
00010001001000100011010010100100
01000000001000100010100010110010
00100011001100000010010011000101
00100011010000000100010111100011
00110011010100000010100111110011
00110111011000000100011111110011
00111001011100010101010011110011
00101000011100100101010011110011
00011000011100100101010111110011
00011001011000100101010011110100
00111000011000010101010111110011
00111001011100000100001111100100
01011100011100010110010111100011
00111001100000110010011110100011
00000000000000000000000000000000
00000000000000000000000000000000
00000000100100000010001000001000
00000010010000100100001000000100
00101000010100100011001001110100
01001010100000110110010111010010
00111101100000010110001011000101
00101100100000100101001111000100
00111011100000010100010111000101
00101011100000100100001111000101
00111011101000100101000110110110
00111011100000110110000110100101
00111010100000110100000110110110
00101010100001000100001011000100
00111000010100010101000010110101
01100110010100000101000000111011
01000100010000110111011000010100
00110110100101100100011001100000
00000000000000000000000000000000
00000000000000000000000000000000
00000000101000000001000100000111
00000001011100010000000000000001
00101000011000110001000001110100
00111001100100110010000010110010
00101000101000110010000010110010
00101000100101000010000010100010
00101000100100110011000010100001
00000111100000110011000010010001
00000111100001000011000010000001
00010110011101010010000010000001
00010110011001000010000010100001
00010111011101000011000110100001
00110110011100100011000010100011
01110001011100000010000100111001
01110001011001000010010100000100
01010100011101010100010101010000
00000000000000000000000000000000
00000000000000000000000000000000
01010000010101000010011000000101
00000000000100100110011100100010
00010001000001010101010110010010
00110000000101000110011010100010
00110000000100110101011010100010
00100000000101010101011010010001
00100000000101000101011010010010
00010000000001000101011010000010
00000000000101010110011010010010
00010000000101000101010110010010
00010000000101000101010110010010
00010000000101000101011010010011
00110000000101000101011110010010
01000000000100010010100001010100
01000000000000110010100100100011
01000010000101010101101001110001
00000000000000000000000000000000
00000000000000000000000000000000
00000000000000000000000000000000
00000000000000000000000000000000
00000000000000000000000000000000
00000000000000000000000000000000
00000000000000000000000000000000
00000000000000000000000000000000
00000000000000000000000000000000
00000000000000000000000000000000
00000000000000000000000000000000
00000000000000000000000000000000
00000000000000000000000000000000
00000000000000000000000000000000
00000000000000000000000000000000
00000000000000000000000000000000
00000000000000000000000000000000
00000000000000000000000000000000
00000000000000000000000000000000
