#time0row7[msb-lsb],time0row6[msb-lst],....,time0row0[msb-lst]#
#time1row7[msb-lsb],time1row6[msb-lst],....,time1row0[msb-lst]#
#................#
00000000000000000000000000000000
00000000000000000000000000000000
00000000000000000000000000000000
00000000000000000000000000000000
00000000000000000000000000000000
00000000000000000000000000000000
00000000000000000000000000000000
00000000000000000000000000000000
00000000000000000000000000000000
00000000000000000000000000000000
00000000000000000000000000000000
00000000000000000000000000000000
00000000000000000000000000000000
00000000000000000000000000000000
00000000000000000000000000000000
00000000000000000000000000000000
00000000000000000000000000000000
00000000000000000000000000000000
00000000000000000000000000000000
11001110111000101011001100100011
01111110100111010111101000101010
00001000000001010111000110000111
01010011011111110000111100000110
00110001001000001110101110001000
01110100100100100010001001011010
00010001101101111111000001101001
11011100100110001001010001100110
11011001101000110110100110111010
11011101010111001010010001100011
01110011111100110010011111101111
10010000011110111101010000001111
11110111010111110100010001100000
00110111000000001101011010001101
00000010110110100010100110100101
11000111001111111110000000111010
00000000000000000000000000000000
00000000000000000000000000000000
00111110010111111111001000000110
11110101101011100011101010111111
11000100001110000110000101010101
11000010000010000011100001100000
10010011101101011101111101001110
11111000010111101110001101000100
01110011101110000010101101100010
10110110101111111000000010010001
11000111101110010010101101100011
10100101111100100111100111111110
11110011110100110010101100000011
11111101000101010001111001001110
10100100110011111110011011011010
00101010011001011101001111110010
00100111110100101110011001100100
11001001101100111011100101000101
00000000000000000000000000000000
00000000000000000000000000000000
11110011110010101111001100000101
01000100111010110001001100110000
00101101101100110110110011110010
10000110101101011010111001010111
10101100010011111010101111111011
11101010100100111100000101101000
11100000101010100111010001100001
00101000101001011011000100110001
11001100011001101010011100010100
01010010001010010000010000111010
10111101011000101001100000010011
11001001111010111000101011100110
11000001101001011101101010110000
11100101010111011010011110001110
01010111101001010111000010000011
00000100001010110001000011111000
00000000000000000000000000000000
00000000000000000000000000000000
01000101001111001010001001111010
11001010101010001000110101000100
01100001111001111100000000010100
01101100100011001010101111101101
00011111111111100011001000001111
01011110000110110101110000001110
11000000010001101110000011011000
01101001100110110011101101111011
10011010001110110110110001100011
10111011000100010100001101101110
10010100110101100000001101000101
11110100110101011000000000011110
10100110010100000010000001010100
10010111011101001100111111100111
10100010000000010110000010100110
00100111101101100011111010101111
00000000000000000000000000000000
00000000000000000000000000000000
10100101111001100001110110100000
10010100011110101110101100011110
01101000010100010000110001101010
01001011010001000111010011100110
01011011000100110111010110000000
01001001000100001100001111100111
01000010101001001101100101110001
00100000101111111100100000001001
00010011110111100010100110001101
10000000101101010110010101011110
01110100101100011101101110101011
00010110011101010101110011001000
11010000111011100011000000011000
11000011000000000010010100001001
11000111001001100011111101011001
01011000100010001010110101100111
00000000000000000000000000000000
00000000000000000000000000000000
10000000000001001110011001100011
11000100110111000010101010111100
11001111101100111000100010110101
10011010001001010011101101010000
10010000010100001110110000100011
11111111111100000001011101000110
11010110110110011110001010101101
10011101110110001010000110101010
01111011100100100111100100010110
10111110000000110110010111000111
00111110001100110100111001011111
11011111011111011001001011000110
10011001001001001001010000011100
11100111100101101111100011000001
10100011010110100100101100110100
01101101111101000110011001011111
00000000000000000000000000000000
00000000000000000000000000000000
10101100110011000011011001010111
11010110011100100110000100010010
00001001110110001011100111101001
00000100011010001101110100011000
11011001011011111101100101001110
11110011000001100100101000110100
10010001011101001100101000011001
00010111010100011110010000100001
00110110010101011101110110001101
11101110110100111000011010010011
11011101011100000111100010010010
01111011111111010111110111110011
01001111110101110101100001100011
01111000000000111010101111011001
11110000111111011010001010100110
00000111010000010110110010001111
00000000000000000000000000000000
00000000000000000000000000000000
00001000110001110000110010010001
00100101010001001111110100010110
11001000101010000000011100110001
00001000001111010111010011011010
00100110011000000001010000001000
00111111001000000000110110110011
10010000000000110110111001010000
00011011000001111011111000111001
01011100011101100111111111010111
10111010001001101010100010001100
11110110111111101101000000110110
01110111111101000110101000101111
11011110011001001111000010010110
10011001010100110111111001001000
00101101111001101010100100111101
10001100110101000000010101110101
00000000000000000000000000000000
00000000000000000000000000000000
11110001011111110011001100010011
01101001000101110101001010011100
11011110001101110010100111001100
10100010000011000010000101010111
11101010011110011111000000111000
00011101101111010000001010100111
00001101000110100111101111011101
11001010011010011101100001000111
11111001001011101101101100001111
00001011100101011001000000101101
11011111100111001010100000101011
01010010011111001011100111100101
01010001110000111100111101011000
01001101111011101111001111010100
01110000100111111100001010010011
00100000000110000101011111001000
00000000000000000000000000000000
00000000000000000000000000000000
11010001100011101111110111010110
10010111010110000110001000000011
11100110110111101000101011111100
01001110001111010000000001110010
11101010010000000011011111011000
01000100100110111000101101111101
11110101111000110101100111100100
01100000010101110110000110100100
01111110000011011011111001111011
11101101101000110101011010100101
10101110000110110111001010000111
01001001110000001001001111001010
00100000110111000111010000101101
11100110101011000011100100100111
01001110100001000011011100101101
00111111001100101101101101011000
00000000000000000000000000000000
00000000000000000000000000000000
10011011110000111000000100101111
01111101101100010011111011101110
10101001101101011011100100011111
10000010101111000111110101100100
10110001000000011110111000000110
01110101110111100100110100110001
11111011000001010101000000001111
11100110000101000101000001110011
11001110011001011001001101111000
01011011110111011011100010010011
10110110111101000110101111010111
10000001000011110110001000001010
01111001001110110110101100101101
11110101010011101001011101001100
10010110010100101110000011011001
10101111011011101011110011100100
00000000000000000000000000000000
00000000000000000000000000000000
00110110101000100011111101010010
01001101100101010010001000100101
00011111100011100110001001101010
00010011010011010111010100101000
00001110011111110010100101010001
01111100100110011100110011111001
01011111110000010011010111000100
01011001010011011001001110111011
00001000001111100111000000101001
11110101100000000101110101110010
00111110000001101100110101100000
11010110110000001000001110010011
11001100111000111111001111110111
00110100111100101101011000111001
01001010001100000110100101111101
01001010110010111100100100101001
00000000000000000000000000000000
00000000000000000000000000000000
01001110110000111000111110111010
01100111111001011000001101111010
10010100000111111100111101000010
00011000101111000011001000111100
10000100100011000000100101100100
01100000111000010011111101000000
10101110000101011010010001011101
01101011110001110111000001000100
10100000000101000111011001011110
01011010111001101001010000011000
01010100001111000011000000110001
00011101000011001110100101000101
10011001101011111100011001001010
00011101010001111110110010011100
10101001001011011001011101011001
00001111010011001010001010111100
00000000000000000000000000000000
00000000000000000000000000000000
01101000010010110111111000010111
00001011101000000000001111110011
00001110111111000001010111011100
10010010110101011111100011001101
10110110101110110000101001000111
01110100010111101100001101110110
01100010010010001101110101110101
00011110011110001010010101100101
11001001010000110110101100100101
11010010100110001111110101101101
10110101101100010110110100010100
10110001010111001101111101010011
00110101001011101111000101111011
00100001000100011011010001001000
01010010111110101111001010111000
10111011001100000101110110110100
00000000000000000000000000000000
00000000000000000000000000000000
11001001001100000011101001101111
11010010010000011010000011101010
00110111011001011101010101011111
01000101100001111010011011100001
01100110101000001010000111010100
11101111101110110010010110001010
10100111101100000001000100001100
10100100111101110011000000010101
11110001111010110111010011010100
00000110000010110000100010100100
10110101000010010100101110010000
11011010000100011001001011000100
11101101000000101001101110111010
10110010111111000100101100100010
01101110100011100011001111100001
00101111001100010001001001000101
00000000000000000000000000000000
00000000000000000000000000000000
01110110011010110000111110100110
01001010101010111011000100000101
00101011010111001000101100010101
01110011010110100111001010101001
10000101110000111111000000011110
01011000010111011000110000010011
01010101010000100111110101010011
01000111011010011011010101111111
10010010100101101011100101111010
10111100000011110101010110011101
01111111111101110111111010000000
10001100100001100111011011001001
11010000100000010110000010001111
01111111011100011011000000110110
01010000111111100101101101010011
11111000101010111001010111011101
00000000000000000000000000000000
00000000000000000000000000000000
00000000000000000000000000000000
00000000000000000000000000000000
00000000000000000000000000000000
00000000000000000000000000000000
00000000000000000000000000000000
00000000000000000000000000000000
00000000000000000000000000000000
00000000000000000000000000000000
00000000000000000000000000000000
00000000000000000000000000000000
00000000000000000000000000000000
00000000000000000000000000000000
00000000000000000000000000000000
00000000000000000000000000000000
00000000000000000000000000000000
00000000000000000000000000000000
00000000000000000000000000000000
