#time0col7[msb-lsb],time0col6[msb-lst],....,time0col0[msb-lst]#
#time1col7[msb-lsb],time1col6[msb-lst],....,time1col0[msb-lst]#
#................#
00000000000000000000000000000000000000000000000000000000000000000000000000000000000000000000000000000000000000000000000000000000
00000000000000000000000000000000000000000000000000000000000000000000000000000000000000000000000000000000000000000000000000000000
00000000000000000000000000000000000000000000000000000000000000000000000000000000000000000000000000000000000000000000000000000000
00000000000000000000000000000000000000000000000000000000000000000000000000000000000000000000000000000000000000000000000000000000
00000000000000000000000000000000000000000000000000000000000000000000000000000000000000000000000000000000000000000000000000000000
00000000000000000000000000000000000000000000000000000000000000000000000000000000000000000000000000000000000000000000000000000000
00000000000000000000000000000000000000000000000000000000000000000000000000000000000000000000000000000000000000000000000000000000
00000000000000000000000000000000000000000000000000000000000000000000000000000000000000000000000000000000000000000000000000000000
00000000000000000000000000000000000000000000000000000000000000000000000000000000000000000000000000000000000000000000000000000000
00000000000000000000000000000000000000000000000000000000000000000000000000000000000000000000000000000000000000000000000000000000
00000000000000000000000000000000000000000000000000000000000000000000000000000000000000000000000000000000000000000000000000000000
00000000000000000000000000000000000000000000000000000000000000000000000000000000000000000000000000000000000000000000000000000000
00000000000000000000000000000000000000000000000000000000000000000000000000000000000000000000000000000000000000000000000000000000
00000000000000000000000000000000000000000000000000000000000000000000000000000000000000000000000000000000000000000000000000000000
00000000000000000000000000000000000000000000000000000000000000000000000000000000000000000000000000000000000000000000000000000000
00000000000000000000000000000000000000000000000000000000000000000000000000000000000000000000000000000000000000000000000000000000
00000000000000000000000000000000000000000000000000000000000000000000000000000000000000000000000000000000000000000000000000000000
00000000000000000000000000000000000000000000000000000000000000000000000000000000000000000000000000000000000000000000000000000000
00000000000000000000000000000000000000000000000000000000000000000000000000000000000000000000000000000000000000000000000000000000
11111111111000100000000010100111000000000101000000000000101111001111111110111011000000000011000100000000011000111111111100011000
11111111111110000000000010011110000000000110101000000000111100111111111110110111111111111001010111111111110000111111111100000111
00000000011010110000000000101011000000000000010000000000011000000000000000100100111111110110111111111111111111011111111111001100
11111111101010100000000001111011000000001010001000000000110000011111111101100010111111111001100111111111011010111111111100011000
11111111110111010000000001011101000000000110000000000000011000001111111111011011111111110100111011111111111100001111111100110101
11111111110100100000000010101000000000001001010000000000010100111111111110100110111111111100111111111111111011011111111101100111
00000000001001001111111111110000000000000100110000000000101000110000000000001011111111110011100000000000010010001111111100001000
00000000000011010000000010100100000000000110111000000000101011111111111110111110111111111100001100000000000010111111111100100001
11111111110011110000000100011100000000001101000000000000100101011111111101011101111111111011110111111111110110101111111100100001
00000000010000010000000001101011000000000011111000000000101101101111111111100101111111111010010111111111111111101111111100111000
11111111110001110000000100011110000000010001001100000000100101101111111100101010111111111000101111111111110011101111111100100111
11111111101111110000000000100101000000001000101100000000100000000000000000010001111111110001001111111111110100001111111010100110
00000000001001010000000001100100000000000111000100000000100101011111111110100110111111111011011111111111110011011111111101000111
00000000000101010000000001110000000000000011101000000000010101000000000000100010111111110100000111111111111100011111111101100011
00000000000001000000000001111110000000001010101000000000110100001111111101000100111111111001001111111111110110101111111101010111
00000000001110010000000000001000000000000011110100000000100100010000000001001000111111110001110111111111111010111111111011101101
00000000000000000000000000000000000000000000000000000000000000000000000000000000000000000000000000000000000000000000000000000000
00000000000000000000000000000000000000000000000000000000000000000000000000000000000000000000000000000000000000000000000000000000
00000000011011001111111111011000111111111101011000000000111010010000000001011111111111110101011100000000001000111111111100100111
11111111110011000000000100001001000000010001101000000000101100111111111101000111111111110100010011111111011100011111111011010011
00000000000011010000000001010011000000000110000000000000010010111111111111100111111111111001110011111111111001001111111101011001
11111111111011100000000001101111000000000111001000000000010001011111111110011111111111111011101111111111101011101111111101111000
11111111011100100000000011000100000000001101011000000000101110001111111110000011111111110101101011111111110001011111111010001100
00000000001001100000000000101100000000000100101100000000101010000000000000000111111111110110100000000000000000011111111011101000
11111111110000110000000010100011000000001010111000000000101011011111111100111101111111111101111111111111110011111111111100111100
00000000010100100000000000110111000000000110111100000000110001001111111110101111111111111001000100000000000111001111111100101100
11111111110000000000000011011001000000001011110100000000101101111111111100111001111111111111001011111111110001001111111100100101
11111111110000110000000100101110000000010001000000000000101010101111111100110000111111111000011011111111111001111111111011111000
11111111010011010000000011101000000000001101011100000000011111101111111100110000000000000011111111111111110110001111111011110101
11111111100111010000000101000101000000001011011100000000011010101111111110001001111111111100000011111111010110011111111100111011
00000000001011000000000001101011000000001011110000000000111010011111111110011110111111110000001111111111111100101111111010111000
00000000100100010000000001001001000000000001111100000000101101001111111111011111111111110111100000000000010011001111111110011001
11111111111111110000000001010011000000000100100100000000110010001111111110111110111111111011101000000000010111111111111100100011
11111111101110000000000010111010000000001000011100000000101011001111111110010100111111111110011100000000000110001111111011110101
00000000000000000000000000000000000000000000000000000000000000000000000000000000000000000000000000000000000000000000000000000000
00000000000000000000000000000000000000000000000000000000000000000000000000000000000000000000000000000000000000000000000000000000
11111111110000000000000000110001000000000111111100000000101001101111111111011110111111111001011100000000001010111111111010010110
00000000000000010000000001000011000000000110111100000000101111101111111101110111111111111111100000000000000011101111111101011111
00000000001101010000000011101000000000000111011100000000111010011111111101000010111111111110000100000000000100111111111110010101
11111111101000110000000010111100000000001010100100000000110001011111111101101100111111111010111011111111111001001111111011100010
00000000010101000000000011000001000000001001101000000000111000101111111110100010111111110000110111111111100111111111111100011010
11111111111110100000000010011111000000000110110100000000011111111111111111100011111111111011111100000000001100111111111100010100
11111111110111010000000001011100000000001010010100000000100000101111111110000101111111111011010111111111111110111111111100000101
00000000001100000000000000001110000000000000101000000000101011011111111111110111111111111101010000000000011000011111111101100100
11111111111001000000000010001000000000000100001100000000100111011111111111011011111111111110001100000000000001001111111100100011
11111111111100010000000001011100000000000111001000000000010010001111111111010011111111110111110011111111100101101111111101111110
11111111110101000000000010100111000000000011110000000000100011111111111111001011000000000001010000000000000100011111111101000101
00000000000010100000000011101001000000001101011100000000111101011111111100110111111111111001000111111111111010101111111011110110
11111111110110110000000010000101000000001010100100000000100111111111111101100111111111111010000100000000000110101111111011110100
11111111111100010000000010011010000000001011101000000000100101001111111111000111111111110001011011111111100111111111111011010000
00000000001110000000000001010110000000000100101000000000100100101111111111000011111111111100101100000000001111011111111101111101
00000000100101100000000001000110000000000101100000000000011011101111111111001111111111110011010011111111110001001111111111100010
00000000000000000000000000000000000000000000000000000000000000000000000000000000000000000000000000000000000000000000000000000000
00000000000000000000000000000000000000000000000000000000000000000000000000000000000000000000000000000000000000000000000000000000
00000000010011100000000000010110000000000100000100000000100011010000000000011001111111110001101111111111110111111111111101000111
11111111101110110000000011001001000000001001011100000000110100001111111101101100111111111101110011111111110111001111111011110101
11111111111001010000000000000010000000000101101100000000101000001111111111011110111111111010110000000000010101001111111011110010
00000000001111000000000011001100000000001010000000000000111101011111111110010100111111110010001011111111101111011111111100010100
00000000000110110000000001111110000000000101111000000001000001111111111111010100111111111001110011111111111010101111111100101000
11111111111011000000000010100010000000000100110000000000101100011111111111101111111111110110111111111111011110111111111100111101
00000000001100010000000001000111000000001000010000000000010010111111111111110011111111110010010100000000000100001111111100100000
11111111111010110000000011001011000000001010101100000000110011011111111101110011111111111000010011111111101000001111111100101011
00000000000010010000000010010010000000000110000100000000101100111111111110011110111111111010010011111111101100101111111101001110
11111111111101000000000011011111000000000110111000000000001100111111111111110000111111111010101111111111110000011111111110000010
11111111110010010000000010100101000000001010100000000000100000111111111101101001000000000000010011111111111101001111111101001111
11111111100110110000000010100110000000001011111000000000011010111111111111000111111111111010110100000000000000011111111011000101
11111111111100110000000010010111000000000101110000000000001010101111111111000011000000000000111000000000000010011111111110101001
11111111111010100000000011100100000000001011001100000000101110001111111101100011111111110110111111111111110110101111111100001111
00000000000111010000000001110000000000000110000000000000000010001111111111101011111111111001010011111111111100101111111110100010
11111111110010000000000100000011000000001101100000000000110010101111111101000111111111110111000111111111100111001111111100101010
00000000000000000000000000000000000000000000000000000000000000000000000000000000000000000000000000000000000000000000000000000000
00000000000000000000000000000000000000000000000000000000000000000000000000000000000000000000000000000000000000000000000000000000
11111111101110100000000011111001000000001101110000000000110000101111111011101111000000000001010011111111110111001111111100111101
11111111101010010000000001101001000000001001010100000000101011111111111111100000111111110010101111111111101111011111111010011000
11111111101100110000000100000100000000001010000000000000011010111111111101101101111111111101110111111111100111111111111101111111
00000000011010010000000010011010000000000100011100000000100011001111111111000101111111111001000000000000000001101111111110110110
00000000010011000000000001100110000000000000101000000000011100101111111111100011111111111101101000000000000100011111111111001010
00000000011001010000000001110111000000000010101100000000010111110000000000000010111111110110110000000000001000101111111110101011
11111111111010110000000001000010000000000110010000000000101011011111111110011110111111111010001000000000001100011111111100011100
11111111110110101111111111110001000000000111001100000000110111001111111111010111111111110010100111111111111000101111111010110110
11111111111100100000000010010000000000001100101100000000111000001111111101100001111111110100010111111111101000101111111100010101
11111111101001110000000010011110000000001100110100000000011100001111111110011010111111110111010011111111110100111111111011110100
11111111101111000000000011000110000000001011101000000000101001001111111110000011111111110111001100000000000000101111111011100111
00000000000010000000000010111000000000001001001000000000101011011111111101101101111111110111110111111111110001111111111101110001
11111111110000100000000001010111000000001100001000000000100100011111111110010111111111111010001111111111110111101111111011011100
11111111100110010000000010100101000000000111011111111111111111001111111111011010111111111101110111111111101011111111111101101110
11111111101000100000000011110101000000001011000100000000011100101111111101110110111111111010101111111111011100111111111100110010
11111111111001010000000010010001000000000111101000000000110100101111111110010111111111111000001111111111110110011111111100001110
00000000000000000000000000000000000000000000000000000000000000000000000000000000000000000000000000000000000000000000000000000000
00000000000000000000000000000000000000000000000000000000000000000000000000000000000000000000000000000000000000000000000000000000
11111111111111110000000000010101000000000011110100000000010001010000000000000110111111110110000000000000000000011111111100111011
11111111110001110000000011111111000000010001010000000000110000001111111100100111111111110111010011111111100101011111111011101011
00000000000010000000000100001001000000001000110000000000110001001111111101110000111111111111011100000000000110001111111101000110
11111111111100100000000010101100000000000100111100000000011111011111111110010010000000000000000111111111110010001111111110010101
11111111100011000000000001011110000000000110111100000000011000011111111110111011111111111011000000000000000001001111111011110100
11111111100111110000000101001100000000001011011000000000101001001111111101000000000000000111100000000000000010011111111101000000
00000000000000110000000010010110000000001011100100000000101101111111111111000000111111110100001000000000000101101111111010111000
00000000001111010000000010101001000000000111101000000000110100111111111110111111111111111001010100000000001011011111111100100100
11111111101111100000000010110001000000000101110000000000101000011111111110101011000000000000001100000000000000111111111100111100
00000000010001100000000011011001000000000101000000000000011000101111111111010010111111111011000111111111110111011111111110101110
11111111110101100000000011111111000000000111001100000000100111101111111110101111111111111001100111111111100100101111111101101000
00000000011101010000000010011101000000000110000100000000110011001111111111001011111111111000001011111111111111111111111101001001
11111111111001010000000001111010000000000100010100000000010110000000000000011101111111111000111011111111110111001111111100111100
00000000000011100000000010010101000000001000100000000000101101001111111110010001111111111001110100000000001011001111111011111100
11111111101111110000000010000001000000001001001000000000100001111111111110000111111111111010101111111111101001011111111100100110
11111111110100110000000011110011000000001010001000000000110100001111111110010011111111111100001111111111111111101111111100010010
00000000000000000000000000000000000000000000000000000000000000000000000000000000000000000000000000000000000000000000000000000000
00000000000000000000000000000000000000000000000000000000000000000000000000000000000000000000000000000000000000000000000000000000
00000000000000000000000010111011000000001001000100000000110110011111111110000000111111111101000011111111110110111111111100101011
11111111110100010000000001110101000000000101010100000000010010011111111111010000000000000001100100000000001000011111111101010110
00000000001111110000000010010110000000001000011100000001000000101111111110000011111111110101001100000000000100101111111100101111
11111111110100100000000000101001000000000100100100000000110000101111111111011110111111110101001011111111110111101111111011111001
11111111111011000000000010000100000000001001010000000000110010111111111111100101111111110001101111111111101011001111111010100101
11111111101011010000000010100001000000001000110100000000001110011111111110100100111111111100000111111111100110001111111101000000
11111111100011100000000001101100000000001000111000000000011101111111111111000100111111111000001011111111111000101111111011010010
00000000000110100000000000000001111111111110101000000000100001000000000000011110111111111100001100000000010110001111111101101110
11111111111001000000000010010010000000001000000000000000101011001111111111000101111111110010110111111111110010101111111100000101
11111111111101110000000011111000000000001000110100000000101111111111111101101110000000000001110000000000001100101111111100110100
11111111111100110000000011110110000000000111000100000000100001111111111110000011000000000001110100000000000100111111111101101111
00000000001011000000000011011010000000001011110100000001001011101111111100011010111111111001101111111111111011001111111100011001
00000000000110010000000010110011000000000101011000000000111101101111111101111100000000000000011100000000000110101111111101100110
00000000000110110000000010111100000000000111001000000000011100111111111110111101111111110101011011111111110000111111111101101010
11111111111101000000000001101111000000001101110000000000101101001111111101111000111111110110100000000000000010111111111010111001
11111111110110110000000011001010000000001000010000000000100000001111111110101111111111110110010111111111101011111111111101100101
00000000000000000000000000000000000000000000000000000000000000000000000000000000000000000000000000000000000000000000000000000000
00000000000000000000000000000000000000000000000000000000000000000000000000000000000000000000000000000000000000000000000000000000
00000000000000110000000010110100000000001000010100000000110111101111111100101100111111111111011111111111111000111111111110010011
11111111110010110000000000110100000000000011001000000000101000111111111111110000111111110111010111111111111110001111111100001001
11111111110011010000000010111001000000001001000000000000100110001111111101011111000000000010011111111111110110111111111101010110
00000000100011000000000001000100000000000100100000000000101100111111111111101001111111110000110111111111110010111111111110001101
11111111110010100000000010000001000000000100101000000000010011011111111111001101111111111111101111111111111011001111111110011110
00000000000111010000000100001001000000000100111100000000100011001111111101101100000000000000111111111111110001011111111111111000
11111111101011110000000001111110000000000111100000000000010001101111111110001001111111111100000011111111101100101111111101011100
00000000000000110000000001100101000000000010001000000000101100011111111111111010111111110101111011111111101110011111111101001011
00000000000100000000000011110011000000001001001000000000110110011111111101011101111111111001010011111111110001101111111101010111
00000000000000010000000010111001000000000111100000000000011111011111111111011111111111110101111111111111110000001111111100101100
11111111111110100000000001000001000000001000110000000000110100101111111111001101111111111000110000000000001100011111111010100011
11111111011111110000000011101001000000001100111000000000101111001111111101110011111111111011011111111111110110001111111011010100
00000000010011000000000010000011000000000011001000000000100100010000000000010001111111111010010100000000010011001111111100111110
11111111101010110000000011011011000000001000100100000000100100001111111110001111111111111100010011111111101110111111111100101001
11111111111000000000000010101100000000000111000100000000111110011111111110110011111111111010000000000000000010011111111011111100
11111111111100110000000011101111000000001001000000000000101011011111111101011011000000000010101000000000000000101111111101111111
00000000000000000000000000000000000000000000000000000000000000000000000000000000000000000000000000000000000000000000000000000000
00000000000000000000000000000000000000000000000000000000000000000000000000000000000000000000000000000000000000000000000000000000
11111111110110000000000001000100000000001001010100000000011101101111111110101010111111111010101111111111101111001111111100001011
00000000010001010000000010000101000000000101001100000000011000001111111111111101111111110101110011111111110001011111111110010011
00000000000100010000000100101100000000001010101100000000100010001111111110000110111111111001101011111111100011111111111101110000
00000000000111110000000000111101000000000110011000000000001111001111111111101101111111110110100111111111101000111111111101111000
00000000000110000000000001001000000000000100010000000000100101110000000000100101111111110111111100000000001010011111111011101011
00000000011101000000000010001001000000000101110000000000111001001111111110011000111111111010100111111111111011001111111110101000
00000000011001000000000010100111000000000101010100000000110001011111111111001110111111110001110011111111100111101111111110001001
11111111111101000000000001111100000000000110000100000000101100101111111111011110111111111000010111111111111100011111111011101111
11111111110000000000000010000111000000001000011100000000101001100000000000000100111111110010000111111111100001111111111010011010
00000000001001010000000001001001000000000010010000000000101001000000000000100010111111111000101100000000001001001111111101011000
11111111111010110000000010110101000000000111100000000000111000001111111111001101111111111001011111111111110101101111111011011000
00000000001110110000000001010010000000001001000000000000110000101111111110010010111111110010000111111111111000001111111100100011
11111111100001010000000010011100000000001011100000000000101110011111111101101001111111111000101111111111111011101111111011000111
00000000100100110000000001000010000000000100011000000001001011011111111111000100111111110101100100000000010101001111111100011011
00000000010001001111111111110001000000000110110100000000101101101111111111001111111111110011000100000000000100001111111100000110
00000000001011110000000001010100000000000111100100000000011000001111111110111001111111110010110011111111101011011111111110001010
00000000000000000000000000000000000000000000000000000000000000000000000000000000000000000000000000000000000000000000000000000000
00000000000000000000000000000000000000000000000000000000000000000000000000000000000000000000000000000000000000000000000000000000
11111111111101100000000001111101000000001101000000000000110100101111111101110101111111110000101011111111110001101111111010100011
11111111111111110000000000111001000000000011001000000000011100101111111111110011111111111101010111111111111111101111111101011010
11111111111110010000000011110101000000010000111000000000111001101111111100111101111111110011011011111111101100011111111010111111
00000000100100100000000001001101000000000000101000000000101000101111111111100110111111111100011011111111111001011111111111101001
11111111111101000000000100101001000000001010110100000000010011101111111101110110111111111101101011111111110011001111111110001001
11111111111000000000000010001011000000001010111000000000110001111111111110010110111111110011001011111111101011101111111011110001
11111111110001100000000100011110000000001111101000000000100111011111111100001101111111111110101111111111111110101111111100011011
00000000001100000000000000110111000000000110101100000000010101111111111111000101111111110111011111111111111110111111111101111100
00000000001010000000000010011000000000000101000100000000110101001111111111100100111111110010101111111111100100011111111100100001
11111111111110010000000100001011000000001001101000000000100110111111111101101110000000000000100000000000000001011111111101010111
00000000011010100000000001110110000000000010110100000000100011110000000000001000111111111000000011111111110111001111111110000100
00000000000111000000000010111101000000001000000000000000100111101111111110100101111111111010101000000000001110001111111101011111
11111111110101110000000000110000000000001001101100000000101101111111111110111111111111110100010011111111110111101111111011100100
11111111101011000000000010110111000000001011111000000000101010101111111101101111111111111100001111111111101010111111111011101110
11111111111000100000000011010001000000000110001000000000101001001111111111000001111111111101001111111111110100111111111101100100
00000000000100100000000010010011000000000001100000000000101100111111111111111001111111111001111100000000000000111111111101011010
00000000000000000000000000000000000000000000000000000000000000000000000000000000000000000000000000000000000000000000000000000000
00000000000000000000000000000000000000000000000000000000000000000000000000000000000000000000000000000000000000000000000000000000
11111111110100110000000010111000000000000111111100000000100100011111111111100010111111111011110000000000000100111111111100001110
11111111110100110000000101110001000000001110001100000000110000001111111100101001111111111011101011111111101101111111111101001101
11111111100110010000000011000011000000001010000100000000101100011111111110111111111111111001000011111111111000101111111010111011
11111111110000110000000010000010000000001011100100000000110100101111111101010011111111111000101011111111110000111111111011100110
11111111011110110000000001101010000000000110100100000000010001101111111111100000111111111000110011111111110010101111111011101010
11111111110001110000000001111101000000001010000100000000111101011111111101000010111111111100110011111111110010101111111011111101
11111111111000100000000010101010000000000101101000000000001010000000000000101111111111111010000111111111101101111111111101001011
00000000000110100000000001111011000000000101001100000000001001101111111111100100111111111100111111111111111101001111111110010010
00000000001000010000000010110101000000000101010100000000100100001111111111100001111111111011111000000000000010101111111101001111
00000000001111110000000001100111000000000110010000000001000110001111111110010010111111111000110100000000000111001111111100010100
11111111110001000000000100010110000000001111010000000000110000101111111100010110111111111100011111111111111100001111111100000111
00000000000010001111111111111001000000000100111100000000010101110000000000100111111111110010101111111111100111001111111100101100
11111111110110110000000010010110000000000111011100000000101000101111111111010010111111110101110111111111100010001111111100011001
11111111110111010000000010000000000000001010010000000000100010111111111111010110111111110011011111111111100110001111111011001111
00000000010000110000000001110001000000000101111100000000011000001111111111111110111111110101011100000000001100101111111101001110
00000000010111110000000010110110000000000111000100000001000001101111111110001101111111110110010011111111110101101111111100101110
00000000000000000000000000000000000000000000000000000000000000000000000000000000000000000000000000000000000000000000000000000000
00000000000000000000000000000000000000000000000000000000000000000000000000000000000000000000000000000000000000000000000000000000
11111111101010110000000011000110000000001000110100000000101011111111111100111101000000000000101111111111110111101111111101011111
00000000000101110000000010000110000000000011000000000000100111011111111111001001000000000001001000000000000100101111111110011110
00000000011101100000000001010010000000000010011100000000111010101111111111111001111111110110111011111111111100101111111101110010
00000000000111001111111111111100000000000011110000000000100110011111111111111111111111110100001111111111110010001111111101000101
00000000010110100000000001010111000000000010001000000000111111111111111110100010111111111100001011111111110101001111111110011101
00000000001101000000000011010011000000001001100100000000111101101111111101111111111111110100111111111111111001101111111100010110
00000000001100100000000011110110000000000110110000000000101110111111111101101001000000000001110100000000001011001111111110110001
00000000011011100000000001010110000000000101011100000000101011111111111111110110111111110001101011111111110101011111111101010100
00000000011000111111111111100110000000000000001100000000100111110000000000111111111111110100010011111111111001001111111101110110
11111111100010000000000100000111000000001100010000000000011011001111111100111001000000000001100011111111110110101111111100101011
00000000001111000000000001011100111111111111010100000000101111111111111111100111111111111010110111111111111110001111111110000101
11111111110111100000000011000010000000001001101000000000011101011111111101111110000000000000010000000000001111011111111100111100
00000000001101000000000011010000000000001001001000000000110011011111111110011011111111111010001000000000010111111111111100001100
11111111101111010000000001100100000000000111101100000000101110011111111110110111111111111010011000000000010000101111111011100110
11111111111010010000000011010011000000000110101000000000011010111111111111001001111111111001100011111111110010001111111101111001
11111111111100010000000001011110000000000110000000000000111111011111111111000111111111110111110000000000000000011111111011011110
00000000000000000000000000000000000000000000000000000000000000000000000000000000000000000000000000000000000000000000000000000000
00000000000000000000000000000000000000000000000000000000000000000000000000000000000000000000000000000000000000000000000000000000
11111111111001110000000100011010000000001010001100000000111101011111111101010000111111111011011111111111111010001111111100101111
11111111111101000000000010011001000000001001001000000000101100101111111110100010111111111010100000000000001000001111111100011101
11111111111100110000000000110000000000000101110100000000101111001111111111000000111111110100010011111111101000111111111011110010
00000000000111000000000001010111000000000110011000000000110000101111111111001111111111110111111011111111110111111111111101001011
11111111111001110000000010010101000000001010010100000000101000101111111101011110111111111011011011111111101001101111111101001111
11111111011010000000000011000100000000001100011100000000100111111111111100001000000000000010011111111111111011101111111100100011
00000000000111010000000010100010000000000011110100000000011100110000000000100010111111110111101011111111110111001111111101010000
00000000001010100000000001011110000000000011110100000000101110001111111111010000111111111110100000000000010000001111111101011100
11111111101110110000000010001010000000001001111000000000001001011111111111100010111111110100100111111111101000011111111100100101
11111111111001000000000001110011000000000101110000000000110011011111111111000101111111111101001100000000001011101111111100010000
00000000010000111111111111111010000000000010000100000000011011011111111111110101111111111010011011111111111010101111111110011100
00000000011000100000000000001010111111111110001100000000110100110000000000110011111111110100011011111111111011011111111101011000
00000000000011110000000001010110000000000111010100000000111010001111111111011010111111110100101011111111111010001111111011001100
00000000001100100000000010001001000000000100000100000000110110111111111111101011111111110011000111111111111000001111111100110010
00000000000111010000000001100101000000000101101100000000100111101111111111110001111111110100110111111111101100111111111100100010
00000000101001100000000001001110000000000001011100000000110101000000000000100001111111110010001011111111111101101111111110000110
00000000000000000000000000000000000000000000000000000000000000000000000000000000000000000000000000000000000000000000000000000000
00000000000000000000000000000000000000000000000000000000000000000000000000000000000000000000000000000000000000000000000000000000
11111111110011110000000001111001000000000110010100000000101110111111111110110011111111111000100011111111100111111111111100010111
00000000010110100000000011001110000000000101111100000000100101011111111101101001000000000000011000000000001001110000000000000100
00000000010111000000000011010011000000001001100100000001000011111111111101100110111111111000100111111111111000111111111101110110
11111111110101010000000010101011000000001101011100000000101101001111111110001101111111110011000100000000000010001111111010110010
11111111101100110000000011010010000000001100101100000000101100011111111101001000111111111101001011111111101000101111111100011000
00000000010001010000000000000111000000000100110100000000101001111111111111111110111111110010101111111111111100111111111100011010
11111111111001010000000001010000000000000111010000000000101000011111111110110100111111110100101011111111110100111111111100000010
00000000010110010000000001001101000000000000110000000000110101111111111111110011111111111010000000000000001000101111111101110111
11111111101011100000000011000101000000000111001100000000011100101111111110100011111111111111000111111111110010111111111100111100
11111111100100110000000010101010000000001101100000000000101011001111111110011010111111110010111111111111110000101111111001111001
11111111011001110000000011010110000000001010110000000000100011101111111101010111000000000001101011111111111010011111111100000000
11111111110000010000000001010100000000001001010100000000101101001111111110010101111111110101001111111111101110101111111011000001
00000000011011111111111111011010000000000010000100000000100111110000000001010011111111101101100011111111111100111111111100100100
11111111111110100000000000011100000000000010110100000000001110010000000000011110111111110110011100000000000000011111111101101001
00000000001011000000000000110001000000001001000000000000110110001111111110111001111111110011010000000000010000111111111011011011
11111111111001000000000100010011000000001000101000000000011101011111111101101001111111111110110111111111110010111111111110000100
00000000000000000000000000000000000000000000000000000000000000000000000000000000000000000000000000000000000000000000000000000000
00000000000000000000000000000000000000000000000000000000000000000000000000000000000000000000000000000000000000000000000000000000
11111111101000100000000100100111000000001011011000000000010001101111111110011011111111111011010111111111100101001111111101001010
00000000000101100000000010100001000000001001111000000000001001111111111111010010111111110110000100000000000001001111111101010000
00000000000000100000000001011110000000000101011100000000100100110000000000010010111111110011011011111111111101111111111100010100
00000000010100010000000001011010000000000110001000000000101100101111111110010111111111111000000100000000001000011111111101101101
00000000001101000000000010000110000000000110011100000000011111011111111110101111111111111011101100000000010101001111111101111001
00000000000010110000000100000110000000001010111000000000110010001111111101111001111111111100111011111111110010011111111100110100
11111111100111000000000011010001000000001001100000000000010011011111111110101111000000000001000111111111111101011111111101001010
11111111110001110000000001110101000000001001001100000000100011101111111110010011000000000000001100000000000111001111111100100010
11111111111110100000000010100100000000001110100100000000101010101111111101001000111111111000111011111111111111001111111011110000
00000000010101110000000001011010000000000100011000000000100001101111111110101101111111110111010011111111100111001111111111011000
00000000000010010000000010001110000000000111010000000000011011111111111110001001111111111010100111111111101001101111111101111011
00000000001111100000000010101010000000000100110000000000010000111111111111100001111111111011101100000000000100011111111110011001
11111111111110010000000100001110000000001000010000000000011010111111111110110110111111111001010111111111101110001111111101010011
11111111100101100000000010010000000000001100101100000000110100101111111100110101111111111110000011111111110101011111111011010100
00000000100111100000000010000111000000000100111000000000111000101111111110010001111111111010110111111111111110111111111110110000
00000000001110110000000010010011000000000000001000000000011010101111111111101110000000000001010100000000000001101111111111111100
00000000000000000000000000000000000000000000000000000000000000000000000000000000000000000000000000000000000000000000000000000000
00000000000000000000000000000000000000000000000000000000000000000000000000000000000000000000000000000000000000000000000000000000
11111111111001010000000011011110000000001100000100000000101101011111111100110100111111111001011111111111011110001111111101010111
00000000001011010000000000000111000000000001010000000000110011100000000000010010111111111010001100000000001101011111111100101000
00000000000100000000000001000100000000000010011100000000110111001111111111011001111111111001000111111111110100001111111101000001
00000000001101010000000001010100000000000111110000000000011101111111111111010100111111110100001011111111110110101111111101010000
11111111110010110000000001010001000000000110110100000000100001110000000000010101111111110111011100000000001111101111111011001010
11111111111101100000000001000001000000000100001100000000110100001111111110111111111111111001001111111111110001001111111100100100
11111111110001110000000010010010000000000110010100000000011111011111111110010011111111111100101011111111110110011111111101011110
00000000000110110000000001100101000000000110110100000000101001001111111111111011111111110001110111111111110110011111111100010110
11111111110000010000000010010000000000001011000100000000100101001111111110011101111111110110001011111111111000011111111011100000
00000000010011110000000010011101000000000111000000000000100101001111111111101110111111110010110111111111100001011111111101010100
11111111111100110000000011100111000000001000001100000001000111101111111100110001000000000001101000000000000101011111111100101111
00000000001011110000000011010010000000001000001100000000101100001111111110011101111111111001011111111111111100011111111101011101
11111111101110110000000010111110000000001101000100000000001000101111111110111010111111110111110111111111111000111111111100011011
00000000001010100000000001110010000000000000011100000000100010110000000000011100111111111110111100000000010100111111111101110011
11111111110010000000000001011101000000001011111000000000111010111111111100111111111111111001011011111111110101101111111011100111
00000000000011110000000011011101000000001101100000000000101100101111111110001110111111110100011111111111110011111111111011100110
00000000000000000000000000000000000000000000000000000000000000000000000000000000000000000000000000000000000000000000000000000000
00000000000000000000000000000000000000000000000000000000000000000000000000000000000000000000000000000000000000000000000000000000
00000000000000000000000000000000000000000000000000000000000000000000000000000000000000000000000000000000000000000000000000000000
00000000000000000000000000000000000000000000000000000000000000000000000000000000000000000000000000000000000000000000000000000000
00000000000000000000000000000000000000000000000000000000000000000000000000000000000000000000000000000000000000000000000000000000
00000000000000000000000000000000000000000000000000000000000000000000000000000000000000000000000000000000000000000000000000000000
00000000000000000000000000000000000000000000000000000000000000000000000000000000000000000000000000000000000000000000000000000000
00000000000000000000000000000000000000000000000000000000000000000000000000000000000000000000000000000000000000000000000000000000
00000000000000000000000000000000000000000000000000000000000000000000000000000000000000000000000000000000000000000000000000000000
00000000000000000000000000000000000000000000000000000000000000000000000000000000000000000000000000000000000000000000000000000000
00000000000000000000000000000000000000000000000000000000000000000000000000000000000000000000000000000000000000000000000000000000
00000000000000000000000000000000000000000000000000000000000000000000000000000000000000000000000000000000000000000000000000000000
00000000000000000000000000000000000000000000000000000000000000000000000000000000000000000000000000000000000000000000000000000000
00000000000000000000000000000000000000000000000000000000000000000000000000000000000000000000000000000000000000000000000000000000
00000000000000000000000000000000000000000000000000000000000000000000000000000000000000000000000000000000000000000000000000000000
00000000000000000000000000000000000000000000000000000000000000000000000000000000000000000000000000000000000000000000000000000000
00000000000000000000000000000000000000000000000000000000000000000000000000000000000000000000000000000000000000000000000000000000
00000000000000000000000000000000000000000000000000000000000000000000000000000000000000000000000000000000000000000000000000000000
00000000000000000000000000000000000000000000000000000000000000000000000000000000000000000000000000000000000000000000000000000000
