#time0col7[msb-lsb],time0col6[msb-lst],....,time0col0[msb-lst]#
#time1col7[msb-lsb],time1col6[msb-lst],....,time1col0[msb-lst]#
#................#
00000000000000000000000000000000000000000000000000000000000000000000000000000000000000000000000000000000000000000000000000000000
00000000000000000000000000000000000000000000000000000000000000000000000000000000000000000000000000000000000000000000000000000000
00000000000000000000000000000000000000000000000000000000000000000000000000000000000000000000000000000000000000000000000000000000
00000000000000000000000000000000000000000000000000000000000000000000000000000000000000000000000000000000000000000000000000000000
00000000000000000000000000000000000000000000000000000000000000000000000000000000000000000000000000000000000000000000000000000000
00000000000000000000000000000000000000000000000000000000000000000000000000000000000000000000000000000000000000000000000000000000
00000000000000000000000000000000000000000000000000000000000000000000000000000000000000000000000000000000000000000000000000000000
00000000000000000000000000000000000000000000000000000000000000000000000000000000000000000000000000000000000000000000000000000000
00000000000000000000000000000000000000000000000000000000000000000000000000000000000000000000000000000000000000000000000000000000
00000000000000000000000000000000000000000000000000000000000000000000000000000000000000000000000000000000000000000000000000000000
00000000000000000000000000000000000000000000000000000000000000000000000000000000000000000000000000000000000000000000000000000000
00000000000000000000000000000000000000000000000000000000000000000000000000000000000000000000000000000000000000000000000000000000
00000000000000000000000000000000000000000000000000000000000000000000000000000000000000000000000000000000000000000000000000000000
00000000000000000000000000000000000000000000000000000000000000000000000000000000000000000000000000000000000000000000000000000000
00000000000000000000000000000000000000000000000000000000000000000000000000000000000000000000000000000000000000000000000000000000
00000000000000000000000000000000000000000000000000000000000000000000000000000000000000000000000000000000000000000000000000000000
00000000000000000000000000000000000000000000000000000000000000000000000000000000000000000000000000000000000000000000000000000000
00000000000000000000000000000000000000000000000000000000000000000000000000000000000000000000000000000000000000000000000000000000
00000000000000000000000000000000000000000000000000000000000000000000000000000000000000000000000000000000000000000000000000000000
00000000010100101111111100010100111111111110001111111110111011001111111110111101111111111110101011111111101110100000000000110010
00000000000100101111111011110000000000000001001111111110101001011111111111011010111111111100100100000000001010110000000001111101
00000000001010111111111110001000111111111101100011111111010110100000000000011001111111111010110100000000010000100000000000001011
11111111110010001111111101100000000000000101010011111111000010111111111111110010111111111101110100000000010011110000000010110111
00000000001000101111111110011101111111111100011111111111000001110000000000001100111111111010110000000000010111010000000001010111
00000000010011001111111110010011000000000001101111111111010011111111111111000101000000000010001000000000000001110000000000101101
00000000000100101111111101001010000000000001001111111110111110110000000001001001111111111100111100000000011000110000000001100101
00000000010001011111111100110110000000000001101011111111000000011111111111100010111111111101010011111111111010010000000001011110
00000000011011111111111101011010111111111111100111111110110111011111111110101110111111111110000100000000000001110000000001010000
00000000001001101111111100111100000000000010100011111111000111110000000000001100111111111010101011111111111011110000000001110001
00000000011100111111111101100010000000000000100011111110110010111111111110110111000000000000001000000000010100000000000001000110
00000000000000111111111101100100000000000111101111111111000001010000000000100001000000000001110000000000010000000000000010111110
00000000000010001111111110000100000000000111001111111111011110010000000000011011111111111100010011111111111010100000000010010111
00000000010011001111111101111111111111111011111011111111000000111111111111110011111111111100001000000000010010010000000000100101
00000000000001001111111101010011000000000000011111111110111100100000000000001110111111111011000000000000011110000000000001100100
00000000000011011111111101010010000000000111011011111111001011100000000001000010111111111101110000000000000110010000000010100111
00000000000000000000000000000000000000000000000000000000000000000000000000000000000000000000000000000000000000000000000000000000
00000000000000000000000000000000000000000000000000000000000000000000000000000000000000000000000000000000000000000000000000000000
11111111111011001111111011101110000000000000111111111110111000010000000001000010111111111001101100000000001100110000000001101111
00000000010000101111111101010100000000000111011111111110110100011111111111011001111111111111011000000000001111010000000010111001
00000000001001101111111110110000000000000101010011111111100100000000000000001100111111111111001011111111111100100000000001101000
00000000000001111111111111011110000000000100010011111111101010100000000000000111111111111100101011111111111111000000000001111011
00000000001001011111111100111000000000000001000011111110100001011111111111010011111111111110111100000000010011010000000010101100
00000000000011001111111101010000000000000110001111111111001011010000000000110110111111111011111111111111111110000000000010101101
00000000000001111111111101110100000000000001110111111111000111111111111111101000111111111100111000000000001010010000000001111000
00000000000100101111111101001111000000000101111011111111001111110000000001000010111111111011001000000000000101000000000010001001
00000000001000001111111101011101000000000010110011111111000011101111111111001100111111111101100000000000000000010000000010000000
00000000011111111111111101001010111111111111001011111110101000001111111110111000111111111110011000000000010000100000000001010101
00000000001001011111111110001010000000000011111011111111001101111111111110011111000000000010101011111111110010000000000010000100
00000000010110011111111101110010000000000001001111111110111110111111111101110100000000000000100011111111111010100000000001100000
00000000001000111111111100100011000000000100110011111110101011100000000001000100111111111010000100000000011010100000000010111011
00000000010000001111111101001001111111111010011111111111000000000000000000110100111111110101101000000000010011010000000000010110
00000000001010001111111100100101111111111011100011111110110010000000000000000100111111111010110100000000001101110000000000111010
00000000001111011111111100111111111111111111010011111110111000001111111111001001111111111101110011111111111011010000000001100101
00000000000000000000000000000000000000000000000000000000000000000000000000000000000000000000000000000000000000000000000000000000
00000000000000000000000000000000000000000000000000000000000000000000000000000000000000000000000000000000000000000000000000000000
00000000000010101111111101001101000000000111000111111111000101110000000000011110000000000000000111111111111011000000000010111101
11111111111101001111111101010111000000000011100111111111010010100000000000001100111111111110000000000000000110110000000001100000
00000000010011011111111100100000111111110111101011111110101011001111111111010100111111110110001000000000010010010000000000001101
00000000000111111111111100111010111111111111000011111110101100101111111111010101111111111100100000000000001100010000000010000011
00000000001110001111111100100001000000000001000111111110101001000000000000010010111111110111001100000000011001000000000010010000
00000000011001001111111101010011000000000001000011111111000101001111111111011011111111111111010011111111110101110000000001001000
00000000000011101111111110011100000000000111000011111111011010100000000000011110111111111110011111111111111110110000000010100010
00000000000100011111111100111111111111111101111111111111001001100000000000011011111111111011100100000000000101100000000000101101
00000000001010001111111101000101000000000000011011111111000100101111111111010111111111111101011111111111110110010000000001100000
00000000000011001111111110110100000000000101000011111111011111111111111111110111000000000000101100000000001100010000000001011111
00000000001110001111111101001110111111111101101111111111000101011111111110111001111111111101100011111111110010110000000000111011
00000000010001001111111100011100000000000001001111111110101010001111111111110010111111111001110000000000001101010000000010001000
00000000001000111111111110000101000000000000110011111111000100000000000000011011111111111001111000000000001000010000000010010001
00000000001011111111111101100001000000000110110011111110111100100000000000001001111111111110010100000000001101100000000010110111
00000000001101111111111101100011111111111111011111111111001111110000000000001001111111111100011100000000000100110000000000100110
00000000001010101111111110100001000000000001011011111111011011100000000000111001111111111010000100000000011101100000000000101000
00000000000000000000000000000000000000000000000000000000000000000000000000000000000000000000000000000000000000000000000000000000
00000000000000000000000000000000000000000000000000000000000000000000000000000000000000000000000000000000000000000000000000000000
00000000000011101111111101100110000000000011001111111111001010000000000000111110111111111011110100000000010110010000000001110000
00000000000111101111111100110000000000000000100111111110110100001111111111001101111111111100001100000000000000010000000010001000
00000000000001001111111101010101000000000011110011111111001011000000000000101010111111111111101000000000000101110000000001111000
00000000010000011111111100000000111111111110101111111110011101001111111111111100111111111000010000000000011101100000000001110011
00000000000111111111111010111100000000000010000011111110100110011111111111010011000000000000010000000000001111010000000001001010
00000000000100001111111100100100000000000000010111111110110010111111111111000100111111111101100100000000001101110000000001101001
00000000010010001111111110110101000000000011111111111111010110100000000001000000111111111100100000000000001011000000000001110110
00000000001000111111111100101110000000000001010111111110110001001111111111010101111111111100111000000000010010110000000001110011
00000000000010001111111101011010000000000000101111111111000011111111111111110110111111111001101000000000001000000000000001111011
00000000011101101111111110010010000000000000000011111111010001011111111110100100000000000001001111111111111010010000000000010111
00000000001011111111111101111100000000000011110111111111010100011111111111001111000000000001100011111111111101010000000001010000
00000000010100111111111101100011000000000110111011111111000111011111111111000111000000000101101111111111110111010000000001111100
00000000010100111111111111000000000000000000110111111111101001001111111111001000000000000000111011111111110011000000000000001111
00000000010001101111111101010100111111111100011111111110101010111111111111101001111111111000001100000000010011100000000001101111
00000000010100111111111111110000000000000001100111111111101101000000000000000000111111111110100111111111111111100000000000101001
00000000001111101111111100101101111111111101110011111110100010001111111110111000111111111101000000000000011110100000000001010110
00000000000000000000000000000000000000000000000000000000000000000000000000000000000000000000000000000000000000000000000000000000
00000000000000000000000000000000000000000000000000000000000000000000000000000000000000000000000000000000000000000000000000000000
00000000001010101111111101101000000000000000000111111111000000101111111111001000111111111011110000000000000101000000000001101010
00000000000001101111111100111001000000000100000011111110101101010000000000000000111111111110111100000000010010000000000010111111
00000000010010001111111110000101111111111101100111111111000100001111111110010100111111111111000100000000000111000000000000101010
00000000010110001111111101100110111111111011101011111111000110001111111111111001111111111000110100000000001101110000000000001000
00000000001100011111111110000110111111111011110011111111010111011111111111111001111111111001000100000000000001010000000000001100
00000000011000111111111110000111111111111010010111111111001010000000000000001000111111111000110100000000001101111111111111111111
00000000000010001111111101100101111111111110000011111110111111100000000000100001111111111001111000000000010000100000000001101010
11111111110001011111111100101011000000000101011111111110110100100000000001000111111111111101011000000000011110010000000011001001
00000000000001101111111100101100000000000011100111111110101110110000000000000011111111111101100100000000100011100000000010001011
00000000001110001111111101111110000000000100010111111111000011001111111111011111000000000010100000000000001101010000000001111000
00000000010011011111111101001110111111111101011011111110101001111111111111011110111111111100100100000000010010110000000001100100
00000000001011101111111101011110111111111100001111111110110101111111111111101010111111111001100100000000011100010000000000111111
00000000000010001111111101110010000000001011011111111111010101110000000000001010000000000011110011111111111111110000000010110011
00000000001111001111111111101000000000000011010111111111101010001111111110110000000000000011110111111111110100010000000001000100
00000000001010111111111110001111000000000001100011111111000101001111111110110001111111111110001100000000000100010000000001111101
00000000000100001111111100101101111111111110011111111110101101011111111111110011111111111010010000000000010011010000000001111001
00000000000000000000000000000000000000000000000000000000000000000000000000000000000000000000000000000000000000000000000000000000
00000000000000000000000000000000000000000000000000000000000000000000000000000000000000000000000000000000000000000000000000000000
00000000000010111111111111000100000000000001001011111111011011100000000000110111111111111011010100000000001001110000000001110101
00000000001110111111111101010000000000000101100111111110110100101111111111011000111111111110111000000000010000100000000010100001
00000000011100001111111100100100111111111100010011111110110010001111111110110011111111111010111111111111111011100000000000101100
00000000000111011111111110001100111111111110011111111111010100011111111111001111111111111011000011111111111100100000000001000010
00000000000010111111111110100100111111111111011011111111001010011111111111111000111111111101010100000000000100100000000010000010
00000000011111001111111100110010111111111110100111111110111100011111111101011111000000000001101011111111101000110000000000011101
00000000010101101111111100101100000000000100001111111110110000110000000000001010111111111110100000000000001010000000000010001101
00000000011000011111111100000100111111111111111111111110110000011111111111101100111111111100101000000000000101110000000001000000
00000000001100101111111100111101111111111101011011111110111011111111111110110001111111111110100011111111111101010000000000111001
00000000011100011111111110000001111111111101001011111111001110011111111111001011111111111010110111111111111101010000000000010000
00000000010010001111111100110011111111111011000011111110101010111111111110010010111111111101001000000000010000000000000000100111
00000000010011111111111100100010000000000001111111111110111110010000000000001010111111111001101000000000000001100000000001011100
00000000001110111111111101110010000000000001001111111111001011011111111111010100000000000000011111111111111111000000000001001010
00000000001111101111111101011001111111111111110011111110111101000000000000010100111111111000110000000000000010100000000001111110
11111111111110001111111110010000000000000100011011111111010000101111111111110101111111111101110000000000000110100000000010011010
00000000011000111111111011110100111111111110001111111110100011001111111110011101000000000000011000000000000111100000000000110001
00000000000000000000000000000000000000000000000000000000000000000000000000000000000000000000000000000000000000000000000000000000
00000000000000000000000000000000000000000000000000000000000000000000000000000000000000000000000000000000000000000000000000000000
00000000001011001111111100011001000000000010111111111110111010001111111111010100111111111101111100000000000001110000000001101010
00000000001110001111111110100001000000000010101011111111100011011111111111010110000000000001001111111111101101000000000001000001
00000000001101101111111011111011111111111011100111111110011101100000000000001111111111110111100100000000100010010000000001001010
11111111110111111111111100111001111111111110110011111110110000000000000000011000111111111010111100000000011100010000000010001011
00000000000110001111111100011011000000000101110011111110101100010000000000000111111111111101011100000000001101010000000011000111
00000000000110001111111111010100000000000100101111111111100010011111111111011011111111111111010111111111111001000000000010001001
00000000000100001111111101111101000000000010010111111111000001011111111111110000111111111111110000000000001000110000000010010101
00000000000011011111111101100100111111111011011111111111001100010000000000011000111111111010101100000000000110110000000000100100
00000000001001111111111101000010111111111101001011111110100111111111111111110110111111111010101100000000011101010000000001101110
00000000011010111111111100101010111111111101111011111110111001001111111110110101111111111100011011111111110011110000000000110101
00000000011010001111111101100111111111111100001111111111000110011111111110101110111111111011101111111111110011100000000000011111
00000000001010001111111011110011111111111110011111111110011111110000000000000000111111110110010000000000010111000000000001111101
00000000001011111111111011111001111111111100000111111110110000001111111111001100111111111010011100000000000101100000000000101001
00000000010011011111111110000110111111111100010111111110111110111111111111101101111111111001000100000000010001110000000001000010
00000000001001111111111101100010000000001000100111111111000101110000000000110001111111111110011100000000000111110000000010111110
00000000010000111111111101100010111111111011001111111110110001101111111110111111111111111100111100000000011011000000000000101001
00000000000000000000000000000000000000000000000000000000000000000000000000000000000000000000000000000000000000000000000000000000
00000000000000000000000000000000000000000000000000000000000000000000000000000000000000000000000000000000000000000000000000000000
00000000000100001111111100111111111111111100010011111110111010101111111111011101111111111001011000000000010011110000000000110100
11111111111100101111111101010001111111111100111011111110110110000000000000001010111111111010101000000000010011100000000001110100
00000000000111111111111101110001000000000011010011111111010100001111111111000110111111111111001011111111110110000000000001100001
00000000000111011111111101001100111111111111111011111110111111100000000000111011111111111000001100000000100010000000000001001011
00000000001011011111111110010000111111111110101011111111010111001111111110110111000000000001101000000000000001100000000000001011
00000000010100111111111101101110111111110111011011111111000011111111111110011101111111111000100100000000000110101111111111100100
11111111111111101111111111100000000000000000011011111111011101111111111111110101111111111011101100000000000101110000000001111001
00000000000000011111111100111000111111111011111011111110110001011111111111110011111111111001001100000000010110110000000001011010
00000000010000001111111100101011111111111010110011111110100111011111111111010010111111110111100000000000010101010000000001000111
00000000010011011111111101100011000000000000010011111110111101011111111111011101111111111100110000000000000111010000000001100000
00000000000110011111111100011111000000001000000111111110111111010000000000100110111111111111011011111111111101010000000010110110
00000000010000001111111100011100000000000000101011111110100110011111111110100000000000000010001000000000001010010000000001101001
00000000011010101111111100111110111111111110100111111111000010111111111111111000111111111011011011111111110111110000000000110001
00000000001100011111111101100000111111111110000111111110111001011111111110110010111111111101010000000000000100100000000001011110
00000000001101001111111011010011111111111100101011111110011001001111111111000100111111111101011100000000010001010000000001001000
00000000010101101111111101000000111111111110101011111111000011001111111110100110111111111110101011111111111011100000000000011000
00000000000000000000000000000000000000000000000000000000000000000000000000000000000000000000000000000000000000000000000000000000
00000000000000000000000000000000000000000000000000000000000000000000000000000000000000000000000000000000000000000000000000000000
11111111111100001111111110100001000000001011000111111111100100110000000000011010000000000000111011111111111011000000000010111101
00000000010010101111111110000000000000000000110011111111001111101111111111110011111111111101011000000000001011110000000000101110
00000000011100011111111101100000000000000000000011111110111110011111111110101000111111111100110000000000000010100000000001000000
00000000000011011111111111001011000000000111110011111111101100100000000000011110111111111111100000000000000101000000000001111001
00000000001101111111111100111100000000000100000011111111000101000000000000001111111111111110011111111111111001100000000001111011
00000000001011011111111100010010111111111111110111111110111101011111111111111010111111111010110100000000010010010000000000100100
00000000001101001111111100101010111111111011110011111110101011001111111111111011111111110111001100000000100010110000000000111010
00000000001000111111111100111000000000000001101111111110111001101111111111111010111111111100001000000000000010010000000010001001
00000000000011101111111100110111000000000110100111111110110010111111111111110010111111111111000100000000000111000000000011010101
00000000001101111111111100011001111111111110001111111110111001001111111111101010111111111111001100000000001101000000000000011001
00000000001100001111111011110100000000000010110011111110101010111111111111010000111111111110000011111111111111010000000010001011
00000000000010101111111101100100000000000001010111111110111011110000000001001100111111110111011000000000011111110000000010010011
00000000000100011111111101001110111111111110100111111110101010011111111111101000111111111100110100000000010101110000000010001110
00000000001001101111111011001101111111111110011011111110100011100000000001001000111111110101110000000000010111000000000001100010
11111111111100001111111101101001000000000110000011111111001100110000000001110010111111111010010000000000010101100000000010101011
00000000000101001111111110111001000000000001000111111111010100000000000000101100111111111010100100000000011110010000000001011100
00000000000000000000000000000000000000000000000000000000000000000000000000000000000000000000000000000000000000000000000000000000
00000000000000000000000000000000000000000000000000000000000000000000000000000000000000000000000000000000000000000000000000000000
00000000000010011111111101011010000000000100101011111110110001010000000001000101111111111000010000000000011001010000000011100110
00000000000011001111111101111110000000000011100011111111011100111111111111111110111111111111001011111111111001110000000001011011
00000000010001111111111100101010000000000100111111111110100111001111111111111100111111111011101000000000010100100000000010110111
00000000000110101111111101010110000000000000111011111111011011000000000000001100111111111010010100000000000100000000000000011100
00000000100001111111111110100001111111111110011011111111001110101111111110100010111111111101101111111111111001110000000000011101
00000000000011111111111100111000000000000010000111111110101100100000000000000010111111111100101100000000011110000000000010010101
00000000011010001111111101110111000000000000101011111110111111111111111111000011111111111101000111111111111111010000000001100001
00000000001000001111111110111011000000000011000011111111100001000000000000110001111111111100101000000000001101010000000001010100
00000000000101001111111100011010111111111111001011111110101001011111111111111011111111111000001000000000010101100000000010000111
00000000011100101111111101010000111111111110101111111111000001101111111110101100111111111101001111111111110101100000000000101110
00000000001111001111111101010101000000000001011111111111001110000000000000000010111111111011000000000000000001010000000001000100
00000000011100101111111100111110111111111011011111111110110101001111111111010110111111111100101000000000001100100000000000001000
11111111111101111111111100111111000000000101101011111110111010100000000000011100000000000000101100000000011010110000000010010111
00000000000100101111111101011010000000000110101111111111000101101111111111010101000000000000011011111111111110100000000010101000
00000000010010001111111100100010111111111101100111111110110101001111111110011011111111111111111000000000000101000000000000011100
00000000001110001111111100011111111111111000110011111110101100111111111111010011111111111001010000000000001011010000000000100011
00000000000000000000000000000000000000000000000000000000000000000000000000000000000000000000000000000000000000000000000000000000
00000000000000000000000000000000000000000000000000000000000000000000000000000000000000000000000000000000000000000000000000000000
00000000011001001111111100100101000000000000111011111110110111011111111110101111000000000010111011111111111101000000000000110101
00000000100001011111111100100110111111111010010111111110011110111111111101111110111111111100010000000000001111100000000000100000
00000000001111111111111100011010000000000001001111111110101000001111111110110111000000000001001000000000000101010000000001111011
11111111111100001111111101010011000000000011100111111110111001100000000000001110111111111011100100000000010010110000000010110110
00000000000001111111111110110101000000000000100111111111001100011111111111101011111111111110001000000000000011000000000010010110
11111111110111001111111100110001000000000011100011111110111001110000000000000001111111111011100100000000001101100000000010101101
00000000010111011111111110001111000000000100111111111111011010011111111110110001000000000100001111111111110000010000000001000110
00000000010010011111111111010000000000000011001111111111101110001111111111110010111111111110110111111111110010110000000000111011
00000000011000001111111101000011111111111111011111111111000010101111111111010000111111111101010011111111111001010000000000110100
00000000000011101111111011101111111111111111010011111110101001010000000000100001111111110111101100000000010010110000000001110111
00000000010110111111111101001001111111111111010011111110101111011111111111000011111111111100100000000000001001110000000001100100
11111111111001001111111110100100000000001001010111111111100001000000000000111000000000000000010000000000001100010000000010101000
00000000000011111111111101000110000000000010100011111110111000111111111111011101111111111110001000000000001111000000000010000110
00000000000101111111111101101011000000001000001111111111000101010000000000000111111111111111011000000000000110110000000011000100
00000000011010011111111110000011111111111110111111111111001001110000000000010100111111111011110100000000001000100000000000110010
00000000001011001111111100000110111111111110100011111110101000100000000000010001111111110100110100000000010000110000000001111110
00000000000000000000000000000000000000000000000000000000000000000000000000000000000000000000000000000000000000000000000000000000
00000000000000000000000000000000000000000000000000000000000000000000000000000000000000000000000000000000000000000000000000000000
00000000000101001111111101100010111111111011111011111110111100011111111110111101111111111011101100000000001011100000000001000011
00000000001101001111111100111101111111111110011111111111001011101111111111000101111111111110101111111111111100100000000000001010
00000000000111101111111011110001111111111111111011111110110100010000000000001011111111111010110100000000010011000000000000111011
11111111110111101111111101100111000000000011110011111111001100010000000000110111111111111100110100000000011000010000000010000001
11111111111010011111111100001100111111111110100111111110111100100000000000001010111111110111101100000000010010000000000001001011
00000000010010001111111100000111111111111100101011111110011101111111111111111010111111110110111000000000011000100000000001100111
00000000011100101111111100101101111111111001101011111110111010011111111110101111111111111010110100000000000001011111111111100101
00000000001010111111111101000010000000000001110111111110111110010000000000101100111111111010001000000000010111100000000001100010
11111111111100011111111101000111000000000011000011111111001110000000000000111010111111111100100100000000010100010000000001010111
00000000010001111111111110100010111111111111101011111111001011111111111110101001111111111110001011111111110110110000000001100010
00000000000001111111111100111101111111111001011111111110111011010000000000000100111111110101010100000000001100000000000000111100
00000000011001001111111110000000111111111111110011111111001101111111111111010001111111111110101011111111110110010000000000110111
00000000100000111111111100010101111111111100111111111110101011001111111111101101111111111010001100000000000011000000000000111001
00000000001010001111111100101001111111111110010111111110101110111111111111101111111111111110110100000000001110100000000001010111
00000000010110001111111101101010111111111011101011111110111100001111111110110000111111111101110000000000001100000000000000010110
00000000000001001111111011101010000000000000001011111110100100000000000000000000111111111011111100000000010010000000000010000100
00000000000000000000000000000000000000000000000000000000000000000000000000000000000000000000000000000000000000000000000000000000
00000000000000000000000000000000000000000000000000000000000000000000000000000000000000000000000000000000000000000000000000000000
00000000010101111111111011110101111111111000111111111110010110001111111110101001111111111001100000000000010011010000000000110011
00000000010010001111111100110001000000000000001111111110110111001111111111100011111111111110111100000000001010000000000001000110
11111111110010011111111101101010000000000011101011111111000010010000000000111110111111111000001000000000010011000000000011010100
00000000000100111111111100100001000000000010110111111110111100111111111111111010111111111111011000000000010011010000000001010010
00000000000000101111111101111100000000000100011111111111001111001111111111110101111111111101010100000000001010110000000010000100
00000000000010101111111110000110111111111110110011111111000011101111111111000010111111111110000000000000000111010000000001101010
00000000010110011111111101001110111111111111011011111111000001001111111111001111111111111110000011111111111111110000000000110111
00000000001100011111111100101010000000000000000111111111000110001111111111110011111111111101101011111111111110110000000000101111
00000000001101101111111111001000000000000100010111111111010101101111111111101001000000000001100000000000001010000000000001110110
00000000001010001111111100001010111111111111101111111110110011111111111111011100111111111111001000000000000100010000000001001011
11111111111011101111111110011111000000000100110111111111101010010000000000110101111111111101000100000000000101100000000001011011
11111111111011011111111100011011111111111101001111111110110110110000000000110101111111110110011100000000010110000000000001100010
00000000000010111111111100000101000000000100011111111110101110110000000000011011111111111100100000000000001110100000000010101000
00000000001011011111111100000100111111111010011011111110011110011111111111111011111111110111101000000000011101100000000001001100
00000000000100101111111101010101000000000011110111111111000100000000000000001111111111111100000000000000001010010000000010001110
00000000001101111111111100000011111111111101011111111110110001000000000000100010111111111000001100000000011011010000000000101001
00000000000000000000000000000000000000000000000000000000000000000000000000000000000000000000000000000000000000000000000000000000
00000000000000000000000000000000000000000000000000000000000000000000000000000000000000000000000000000000000000000000000000000000
11111111111011011111111101000101000000000001010011111110111001101111111111101110111111111011111000000000001110110000000010010011
00000000011010101111111101100101111111111000111011111111001001101111111111001100111111111001111100000000001011011111111111000100
00000000010010101111111011011110111111111110000011111110100011001111111111011110111111111010101100000000011011110000000000100110
00000000010011011111111101000010000000000000110111111110100111010000000000000101111111111100111000000000010111000000000010001100
00000000000110001111111101011010000000000100111111111111000011011111111111001000111111111111110000000000000100000000000010001101
11111111111111001111111101011111000000000100101011111111001001110000000001010100111111111010101100000000010010100000000010010111
11111111111110001111111101110101000000000000010011111110111101000000000000100111111111111001011000000000010111000000000010011100
00000000000111111111111100001100111111111011111111111110110110010000000000000111111111111000111000000000001110010000000000101000
00000000001011111111111101111110111111111111111011111111001010101111111110110100111111111110100011111111111000010000000001011011
00000000001001001111111101001110000000000011110111111110101001111111111111111000111111111110001000000000010000110000000011001101
00000000001001101111111101101111111111111111110111111111000000111111111110101000111111111111111111111111111010110000000001101101
11111111110111111111111101110011000000000100000011111110111110010000000000101110111111111001111100000000010001000000000011011100
00000000000000001111111101001110000000000011011011111111000011010000000001101000111111111010010100000000011100100000000010000101
00000000000110101111111110110011111111111110111111111111010111000000000000010101111111111101110000000000001111010000000000111100
00000000001000111111111100101001000000000010001111111110110001110000000001001010111111111011001000000000011001110000000010000110
00000000010111101111111110001001111111111011011011111111000100111111111110101001111111111010100011111111111110110000000000101001
00000000000000000000000000000000000000000000000000000000000000000000000000000000000000000000000000000000000000000000000000000000
00000000000000000000000000000000000000000000000000000000000000000000000000000000000000000000000000000000000000000000000000000000
00000000011100001111111110001111111111111111101011111111000011101111111110000010000000000001100011111111111110100000000000111010
00000000011110001111111111001001000000000001111111111111011001011111111111111111111111111110100100000000000011010000000001000001
00000000001101011111111100111100111111111111000111111110110010111111111111111100111111111101111000000000010101000000000001010010
00000000001001011111111101101000111111111101110111111111000100100000000000110011111111110111001100000000010100100000000001001011
00000000011000101111111101110111111111111100101011111111001010001111111111111111111111111011010100000000000110110000000000010000
00000000010111011111111100011011000000000011000011111110111000101111111110110011111111111110101111111111111011100000000001011001
00000000010111111111111101111011000000000010010111111111010001101111111110001110000000000101111011111111110011100000000000100011
00000000001001101111111101100100000000000101011011111111010011101111111111100000000000000010110011111111111000110000000001100000
00000000001110001111111101111000000000000110100011111111001001010000000000011010111111111101001000000000000110100000000010100001
11111111111111111111111110010110111111111111101111111111010110100000000000011010111111111000110100000000011001100000000000111111
00000000000011011111111110111000000000000001111111111111011011110000000000000110111111111001101100000000000101010000000001111000
00000000011100001111111110101000111111111110010111111111011010111111111111101000111111111011011111111111110111110000000000011001
00000000011100101111111101110111111111111101010011111110111110001111111110110010111111111011011011111111111111000000000001000000
11111111111011101111111101010000000000000101111111111111000001011111111111110010111111111110110100000000000101000000000010111011
00000000001100001111111100101100111111111111101111111111000101100000000000011001111111110111000000000000001011100000000000110110
00000000010010111111111101100111111111111010111111111111010101101111111110110110111111111101010111111111111100001111111111001111
00000000000000000000000000000000000000000000000000000000000000000000000000000000000000000000000000000000000000000000000000000000
00000000000000000000000000000000000000000000000000000000000000000000000000000000000000000000000000000000000000000000000000000000
00000000000100101111111101101111000000000001010011111110111110111111111111011110111111111010101000000000010100000000000001111111
11111111111111111111111100010010000000000001101011111111000000100000000000011111111111111100111100000000000110100000000001011111
11111111111001011111111100011100111111111111010011111110110111000000000000000110111111111001111100000000010001010000000001110001
00000000001010011111111110001010000000000011111011111111010000110000000000100111111111111100111000000000010001010000000001101010
00000000010000111111111100111001000000000010001011111110111001001111111111110001000000000010010000000000000100010000000001100001
11111111110110001111111100111011000000000001100011111110111110010000000000010010111111111010010000000000001110100000000010010101
00000000000101001111111110001100111111111101000011111111000111111111111111011110111111111011010100000000001010000000000001001111
00000000001011101111111100111001000000000001000111111110110011100000000000001011111111111101001000000000011000010000000001101000
00000000001010011111111101101001000000000010001011111110111001111111111111111011111111111101111100000000001111100000000010001110
00000000001101101111111101010110000000000100100111111111000101011111111111111110111111111100001100000000001011110000000001110111
00000000001010111111111011101000111111111011000111111110100010111111111111000100111111111000001000000000000101100000000001001110
00000000010111101111111100111010111111111110000011111110110111001111111111011010111111111011000100000000001001110000000000110100
00000000011100011111111110111101000000000100111111111111010101111111111111010000000000000100010000000000000000100000000001010100
00000000010101111111111100110011111111111100010011111111000101011111111111010010111111111101101011111111110110100000000000000000
11111111110110101111111101000011000000000100110011111110111010010000000000100000111111111100010000000000010111010000000010111001
00000000011000001111111101000000000000000100100111111110110100011111111111110010111111111101011100000000001001110000000010001101
00000000000000000000000000000000000000000000000000000000000000000000000000000000000000000000000000000000000000000000000000000000
00000000000000000000000000000000000000000000000000000000000000000000000000000000000000000000000000000000000000000000000000000000
00000000000000000000000000000000000000000000000000000000000000000000000000000000000000000000000000000000000000000000000000000000
00000000000000000000000000000000000000000000000000000000000000000000000000000000000000000000000000000000000000000000000000000000
00000000000000000000000000000000000000000000000000000000000000000000000000000000000000000000000000000000000000000000000000000000
00000000000000000000000000000000000000000000000000000000000000000000000000000000000000000000000000000000000000000000000000000000
00000000000000000000000000000000000000000000000000000000000000000000000000000000000000000000000000000000000000000000000000000000
00000000000000000000000000000000000000000000000000000000000000000000000000000000000000000000000000000000000000000000000000000000
00000000000000000000000000000000000000000000000000000000000000000000000000000000000000000000000000000000000000000000000000000000
00000000000000000000000000000000000000000000000000000000000000000000000000000000000000000000000000000000000000000000000000000000
00000000000000000000000000000000000000000000000000000000000000000000000000000000000000000000000000000000000000000000000000000000
00000000000000000000000000000000000000000000000000000000000000000000000000000000000000000000000000000000000000000000000000000000
00000000000000000000000000000000000000000000000000000000000000000000000000000000000000000000000000000000000000000000000000000000
00000000000000000000000000000000000000000000000000000000000000000000000000000000000000000000000000000000000000000000000000000000
00000000000000000000000000000000000000000000000000000000000000000000000000000000000000000000000000000000000000000000000000000000
00000000000000000000000000000000000000000000000000000000000000000000000000000000000000000000000000000000000000000000000000000000
00000000000000000000000000000000000000000000000000000000000000000000000000000000000000000000000000000000000000000000000000000000
00000000000000000000000000000000000000000000000000000000000000000000000000000000000000000000000000000000000000000000000000000000
00000000000000000000000000000000000000000000000000000000000000000000000000000000000000000000000000000000000000000000000000000000
