#time0col7[msb-lsb],time0col6[msb-lst],....,time0col0[msb-lst]#
#time1col7[msb-lsb],time1col6[msb-lst],....,time1col0[msb-lst]#
#................#
00000000000011001111111111111111000000000001010111111111111000101111111111100100000000000101110000000000010010011111111111011001
00000000001110000000000000110000000000000001000000000000000101011111111111010010000000000010111100000000010000100000000010000011
11111111111111110000000000001111000000000000111000000000001100111111111111011000111111111111001100000000001101010000000010000111
11111111111101111111111111111100000000000000000011111111111111111111111111100011111111111111011000000000001100010000000010111001
11111111111100000000000000100111111111111111100000000000001010111111111111010001000000000001100000000000001110000000000011000100
11111111110011010000000000011010111111111110111100000000001000001111111111011111111111111111111011111111111111110000000010011000
11111111111000101111111111110100111111111110011111111111111010001111111111010000111111111110010011111111111100010000000010001011
11111111111010010000000000000101111111111110001111111111110100001111111111001111111111111110011111111111111111100000000010001111
11111111111001100000000000100100111111111101001111111111101110111111111110111100111111111111000111111111111000000000000010011101
11111111111111000000000000011101111111111101011011111111110000001111111110111110000000000000011011111111111001000000000001110101
00000000000111100000000000011000111111111011111011111111100110101111111111000110000000000001001011111111110110000000000001101011
00000000001101110000000001010010111111111011111111111111100110111111111110110000000000000011001011111111111000100000000000110000
00000000001111010000000010011001111111111101101011111111110010101111111111000110000000000001011100000000000101100000000000100101
00000000010011100000000001100000111111111110110100000000000000101111111111000011000000000000100100000000010001110000000011000101
11111111111011100000000001011010111111111110111111111111111111101111111111001000000000000000011100000000010000010000000011101101
11111111111010010000000000000000111111111110011100000000001101101111111111101011000000000000101111111111111010010000000011111111
00000000001101111111111111110100111111111110001111111111111011001111111111100111000000000100011100000000011101001111111111100101
00000000001110010000000000001010111111111110100100000000011001111111111111001110000000000011100000000000100101100000000010111100
11111111111010001111111111101101111111111110001100000000101001101111111111010000000000000010011100000000101001000000000010001100
11111111110110011111111111001111111111111110100000000000011010101111111111000011000000000010000100000000100101010000000010101111
11111111101101001111111111110011111111111101011000000000011001101111111111000010111111111111010000000000010011100000000011111101
11111111101011101111111111101100111111111101010000000000011000101111111110111000111111111101100000000000001100000000000011010010
11111111101011001111111111010001111111111110110011111111111110101111111110111101111111111101101100000000000110100000000010101111
11111111101101101111111111011011111111111110010011111111111000111111111111000011111111111110110100000000010000010000000011000100
11111111101101001111111111011110111111111110100111111111110010001111111110100111111111111110000100000000000101000000000011110000
11111111110010001111111111010000111111111101110111111111110100101111111111000000111111111101100100000000000101010000000011011111
11111111110001101111111111011010111111111100001011111111101100101111111110100110111111111110110000000000000001000000000011010101
11111111111010011111111111100010111111111010011011111111111000111111111110111101000000000000000111111111111111110000000010010000
00000000001010110000000000010110111111111000100100000000010001011111111111011010000000000010110000000000001010000000000001001101
00000000010000001111111111111011111111111010111000000000011011111111111111000100000000000100010000000000100011110000000011001101
11111111101111000000000000001100111111111101001000000000010000011111111110011100111111111111101100000000101111000000000100010000
11111111101100111111111111011110111111111110110000000000001001011111111110010111111111111110101000000000010010010000000100100100
00000000001010010000000000010001111111111100111111111111111001101111111111011110000000000100111000000000011100111111111111101110
00000000001100011111111111110100111111111101011100000000100000011111111111000100000000000100100100000000010010010000000011001011
11111111111011111111111111101001111111111101110100000000101100111111111111010010000000000010100000000000011101000000000010000010
11111111110111011111111111100010111111111111001100000000010011001111111111001111000000000001111100000000100110010000000011000100
11111111101101110000000000000001111111111111011000000000011011101111111110110001000000000010011000000000001100110000000100101111
11111111101011111111111111110110111111111101111000000000010100011111111110110011000000000000001011111111111100110000000011011100
11111111110010011111111111000011111111111110000000000000001000011111111110111001000000000010000011111111111101110000000010101000
11111111110100111111111111100010111111111110111111111111111110111111111110111010000000000101101000000000010100100000000010100100
11111111110011001111111111001111000000000001101011111111111110011111111110100110000000000100110000000000000100100000000011000000
11111111110100111111111111001110111111111110110100000000010110011111111110111000000000000010101100000000001110100000000011010110
11111111101101011111111111001111111111111101111111111111111110101111111110111111000000000100000000000000001101010000000010111000
11111111110110111111111111011110111111111100011100000000001101111111111111001100000000000101001000000000000000010000000010101000
11111111111000101111111111011010111111111000101000000000011001001111111110111111000000000111010100000000010000010000000011001000
11111111111000111111111110110000111111111100001000000000100001111111111110111111000000000111101000000000100000110000000011001011
11111111110000101111111111111011111111111011101000000000000100001111111110111010000000000000010100000000100010110000000011011000
11111111101001101111111111011101111111111111010011111111111011001111111101111110111111111110100100000000011010110000000100101011
11111111111111010000000000101000111111111100000111111111111000111111111111010110000000000001010000000000011111011111111111110111
00000000000100010000000000000011111111111110101100000000011010001111111110111100000000000001010100000000011100110000000010101100
11111111111011001111111111101101111111111100110100000000100010101111111111100010000000000000101100000000011110000000000010010011
11111111111000001111111111100011111111111110001000000000001010011111111110111011000000000000111100000000011100000000000011000010
11111111101110001111111111110100111111111101010100000000010100111111111110101010000000000001100000000000010001100000000100110101
11111111101011111111111111010101111111111100111100000000010101011111111110101110000000000010010111111111111111100000000010011111
11111111110111001111111111000011111111111100100000000000000110111111111111001100000000000011111100000000001000010000000001011100
11111111110100101111111111100110111111111100011111111111111100011111111110111101000000001001111000000000011001000000000001110001
11111111110100011111111111100011111111111101110000000000000101011111111111000100000000000110111000000000001001000000000001110111
11111111111000001111111111111110111111111100101100000000011000001111111111000001000000000101001000000000011001000000000011001110
11111111101100110000000000101000111111111110110000000000001100101111111110111101000000001000111100000000011001000000000011001110
11111111101110110000000000000110111111111101110100000000011011101111111111101000000000000011001000000000010111100000000011011001
11111111101011011111111111001010111111111100010100000000010010101111111110110101000000000010010100000000010101110000000100100000
11111111110100111111111110110001111111111101010100000000000111001111111110110101000000000101010000000000001011110000000010101010
11111111110001101111111111110010111111111100000111111111111001001111111110111000000000000010111100000000010001110000000010001011
11111111110100111111111111100110111111111110100011111111110100011111111110001100111111111110011000000000001101000000000100001100
11111111111111000000000000101101111111111100110111111111110110111111111111011100000000000011000100000000010101010000000000000001
00000000000111110000000000000110111111111101010000000000010111011111111110111011000000000000101000000000010111010000000010100001
11111111111101001111111111100111111111111100111100000000011110101111111111001100000000000000000000000000011111000000000001101101
11111111110101011111111111101011111111111110001000000000000110011111111110110000000000000000010100000000100100000000000011100110
11111111101011000000000000000110111111111101011000000000010100111111111110011011000000000000110000000000001011110000000100110000
11111111110001111111111111011010111111111011011100000000001001001111111110101000111111111111111000000000000010100000000010010010
11111111111100101111111111101101111111111011110000000000000111011111111111000010000000000001111000000000100001010000000001100101
11111111110101110000000000011000111111111011110011111111111100101111111111001100000000001000011100000000011100010000000010011111
11111111111011000000000001011111111111111011001000000000001000001111111111010010000000000101010100000000011010010000000001101011
00000000001011010000000001101011111111111001111000000000010101111111111111010001000000000101111100000000100001100000000010101011
11111111111000010000000010011100111111111010110100000000010001101111111111001100000000000101111100000000011110010000000011000011
11111111111010010000000001000000111111111011110100000000100001111111111111010110000000000001001100000000011100010000000100001101
11111111101001101111111111001001111111111110110100000000010101111111111110111000111111111111010100000000001110100000000011101001
11111111110001011111111111010111111111111110111011111111111111111111111110110000000000000000101111111111111011100000000010011000
11111111110101101111111111110001111111111100111011111111110101101111111110101011000000000011000011111111111100000000000010110000
11111111110001001111111111100001111111111111010011111111111000101111111110100001111111111111110000000000001011100000000100010011
11111111111111100000000000010101111111111100011111111111110101101111111111011011000000000011101100000000010110101111111111111011
00000000001100011111111111111011111111111100010100000000001010011111111110111001000000000010001100000000001101000000000001100111
00000000001100101111111111101011111111111011110100000000011000001111111110110001000000000010010000000000011110110000000001000011
11111111111101001111111111111001111111111100100100000000000101001111111110001001000000000001100100000000101010000000000011001101
11111111110000000000000000000110111111111100011000000000000100101111111110000101000000000001110100000000001011100000000011111011
11111111110110001111111111110110111111111010101000000000000100001111111110001101111111111111001100000000000010110000000010011110
11111111111100101111111111111010111111111010000000000000000111001111111110111000111111111111110100000000011111010000000010111100
11111111111100101111111111111011111111111011101000000000001110001111111111010010000000000111101000000000010010110000000010111011
00000000011000000000000000110101111111111000110100000000010011111111111111000110000000001000100100000000110000110000000001011011
00000000100110000000000010001010111111111010100100000000011010001111111111010000000000001011010100000000110110110000000010011010
00000000000101100000000010010110111111111010000100000000010000011111111110110111000000000110110100000000101101010000000100000000
11111111111001000000000001111110111111111010110000000000100011001111111110101011000000000000101000000000100111100000000100011011
11111111110100111111111111101110111111111110000000000000011110001111111110110100000000000010001000000000001111000000000011011111
11111111110010101111111111010011111111111111100100000000001100101111111110110001000000000101011100000000000000000000000010100110
11111111101101111111111111010110111111111101110111111111111110001111111110111101000000000010101100000000000001100000000011100100
11111111100101001111111110111011111111111111110100000000000111011111111110110001111111111110101100000000001111100000000100110010
11111111111110000000000000011001111111111100100011111111110011111111111111011011000000000100000000000000010101001111111111110001
00000000001011101111111111111010111111111011111000000000001100001111111110111101000000000111110100000000010000010000000001010110
00000000001000011111111111101000111111111010010000000000100001011111111111000111000000000011101000000000011001100000000001101000
11111111110111011111111111110111111111111100001100000000001001101111111110100100111111111111101100000000100010000000000011010100
11111111101111100000000000011101111111111100001111111111111101011111111110011001111111111110100000000000010000100000000100000110
11111111110101001111111111111111111111111010111011111111111100001111111110011101111111111110101111111111111101100000000010011001
11111111111100110000000000011100111111111011101011111111111110111111111110011001111111111110100100000000011001010000000011000011
11111111111110110000000000100110111111111011110100000000001000101111111111010011000000000101000100000000011011110000000010101001
00000000000011111111111111111111111111111010100000000000100011111111111111000111000000001000111100000001000001000000000010100100
00000000000110010000000000010011111111111010101100000000101010111111111111100101000000001010010000000001000000100000000010110000
11111111111101010000000000100011111111111011001000000000011000101111111111001111000000000100010100000000101100000000000100101001
11111111110100100000000001001100111111111010001000000000011100111111111110100110111111111111110100000000110010000000000100111010
11111111111011101111111111110100111111111011101000000000101101001111111110101110000000000101011000000000010110110000000011010100
11111111111001101111111111001101111111111110100100000000011011011111111110111111000000001000011000000000001111110000000010101001
11111111101111011111111111010100111111111110011100000000001000011111111110110011000000000101110000000000010001000000000011100101
11111111100111101111111111000111000000000000110000000000000100001111111110111111111111111111110000000000010011100000000100101100
11111111111111011111111111111010111111111101101111111111110011101111111111011000000000000100110000000000011011011111111111110101
00000000001010011111111111011110111111111101010100000000001000001111111110101100000000000100000000000000001100010000000010100010
11111111111111001111111111001000111111111100010100000000001100001111111110110100000000000001000100000000001110010000000010111011
11111111111011001111111111001011111111111110001011111111111110001111111110111111000000000010011000000000010010010000000011100001
11111111111011011111111111011111111111111101111111111111111011101111111110111001111111111111011000000000001000000000000011000110
11111111111110001111111111011100111111111101100111111111111101111111111111000010111111111110001111111111111101100000000010001110
11111111110111101111111111101000111111111101000111111111111101001111111111000100111111111100011000000000011110110000000010001100
11111111110111000000000000001111111111111011010100000000010101011111111111001010111111111111111100000000100100010000000010010101
11111111110111001111111111110111111111111011111000000000011101101111111111011101000000000001100100000000110100000000000010010010
00000000000010011111111111110001111111111011101100000000011110101111111111011100000000000100111000000000111111000000000011000001
11111111111110111111111111111100111111111110000100000000011101111111111111100011000000000011110100000000111001000000000011101001
11111111110100000000000000111100111111111011011100000000100000111111111110101000000000000000000000000000110111100000000100111000
11111111110101001111111111111010111111111011111000000000101101111111111110110000000000000000011000000000011011110000000011100110
11111111111000111111111111001001111111111100010100000000100010101111111110101111000000000100011000000000001101100000000010000111
11111111110110101111111111100100111111111101101000000000010000011111111110101110000000000100110100000000010111100000000011011011
11111111100110101111111111011101111111111111011100000000000000001111111110101000111111111111100100000000001111110000000100011001
00000000000010111111111111110110111111111110000011111111110100111111111111011100000000000001000100000000100010000000000000000000
00000000000100111111111111011110111111111111011100000000000001101111111110110101000000000000101100000000011101000000000010100110
11111111111100001111111111000111111111111110011011111111110111111111111111000001111111111111100000000000010011110000000010011010
00000000000011111111111111011101111111111110010011111111110001101111111110110000000000000010111100000000001101110000000010101111
00000000000001011111111111001101111111111111101111111111110110111111111110010011000000000101000011111111111111100000000010011011
00000000001111001111111110111011111111111101101111111111111000011111111111010010000000000100000011111111111111100000000000101101
00000000000100011111111111010001111111111101111011111111111010111111111111001100000000000010010100000000011010000000000001010101
11111111101101000000000000011100111111111011000100000000010000011111111111000011000000000010011000000000011100010000000010100000
11111111110000100000000000000010111111111011011100000000011001101111111110101110111111111111111000000000100000010000000010100000
11111111111100111111111111110111111111111010111100000000101001111111111111000010000000000010110100000000110011010000000010100110
00000000000110001111111111110001111111111100001100000000101101101111111111100011000000000101101000000000100110010000000010110111
11111111110011011111111111111100111111111011111100000000011100011111111111000101111111111111110100000000101111000000000100010110
11111111110000011111111111101110111111111011110100000000100111111111111110100001111111111111110100000000011100000000000011010101
11111111111010111111111111010100111111111100001100000000011010111111111110100111000000000100000000000000000010100000000010000011
11111111110100111111111111111001111111111100110100000000000011001111111110011110000000000011100100000000001101100000000011111110
11111111101001001111111111101101111111111110010100000000000100001111111110100001111111111111111000000000000111000000000100011110
00000000000001100000000000001001111111111101001111111111110110001111111111010000000000000010001100000000010101010000000000010011
00000000001101111111111111010111111111111110001000000000001010001111111111000000000000000000101000000000011011000000000010011010
11111111110111001111111111010101111111111101101011111111111011101111111111010010111111111111000000000000011110010000000010000001
11111111101100011111111111110111111111111110100011111111110101001111111110111110111111111100111100000000011000110000000011000110
11111111111011001111111111010111111111111011001111111111110110011111111111000000111111111110100100000000000001110000000010110001
00000000010001101111111111000110111111111100000000000000001011101111111111001010000000001011001000000000010011111111111111110100
11111111111111101111111111101110111111111101110011111111111111100000000000001101000000000101100100000000011000000000000001001100
11111111100111110000000001011010111111111100011000000000000001111111111111001010111111111111101100000000001101110000000011100101
11111111101101110000000000111101111111111100110100000000010010001111111110101100111111111111111000000000011100010000000011000011
11111111110100111111111111111101111111111100011100000000100100011111111110110011000000000010111100000000110000100000000011000011
11111111111100111111111111101001111111111100111000000000101101111111111111001010000000000101101000000000101111110000000011001111
11111111110001111111111111100011111111111110110100000000100011011111111110111000000000000011111000000000101111000000000011110101
11111111110000011111111111011111111111111101100100000000011111001111111110110001111111111111110000000000100111010000000010111010
11111111111001101111111111001001111111111100111000000000010010101111111110011100000000000010100100000000001001100000000010001100
11111111110110111111111111100000111111111101001100000000001010011111111110011111000000000011000000000000001101100000000100100111
11111111100111001111111111100010111111111110000100000000000100111111111110011110111111111111110100000000000110000000000100101001
11111111111111110000000000010010111111111100011011111111110010101111111111011100000000000001110100000000001110011111111111111011
00000000010110101111111111110010111111111100011000000000001011111111111110101110000000000010001000000000000110010000000010010000
11111111111001001111111111110011111111111100011100000000010011001111111111000100000000000001011100000000010001000000000011000010
11111111110010011111111111001010111111111110111011111111111100111111111111010100111111111111101100000000011100010000000011000111
11111111111000111111111111000000111111111110001011111111111011111111111110111111000000000000000000000000010011000000000010001011
00000000001001001111111111010110111111111010100000000000000101101111111111101010000000000000001000000000000110010000000000010110
11111111111100011111111111100001111111111010101011111111111001011111111111010100000000000010011000000000001010100000000010001010
11111111101111101111111111110000111111111010101011111111110111101111111111000000000000000100110011111111111111010000000011010110
11111111110010000000000000000000111111111010000011111111111011111111111110111111000000000110001100000000001011010000000010010110
11111111110000101111111111111111111111111100100000000000001001101111111110101110000000000100110100000000101100100000000010011100
11111111111000101111111111101000111111111100101100000000010111111111111110011101000000000000011100000000101000010000000010000111
11111111111001011111111111011100111111111110100000000000010111011111111111000010111111111111110000000000100010110000000010010100
11111111110101111111111111010101111111111101110100000000000111011111111110110010111111111110010100000000100000110000000001101010
00000000000001111111111111001100111111111100110000000000000110111111111110000111000000000010110100000000011011110000000000110000
11111111111100101111111111011000111111111101001000000000000101011111111110001111000000000011001000000000011000000000000011101011
11111111100110011111111111100011111111111101111000000000000011101111111110000111111111111111011100000000001101010000000100100011
00000000000001000000000000010010111111111100110111111111110010111111111111010010000000000011111000000000001101101111111111101110
00000000010001111111111111100101111111111100101000000000010010001111111110110110000000000001001000000000000110100000000011000011
11111111111100001111111111100101111111111011110000000000010011011111111111000100000000000001111000000000000111000000000010100111
11111111111111101111111111001001111111111111110011111111111111001111111111001101000000000010000000000000011010010000000001110001
11111111111100011111111111011010000000000000101111111111111100101111111111101101000000000000100100000000100010000000000001011100
11111111111100011111111111111101111111111110000000000000001100011111111111100101111111111110100100000000001001110000000010100111
11111111110001111111111111010011111111111101001111111111111101101111111111000000111111111111100100000000001100110000000011101001
11111111101010001111111111100011111111111011101111111111110101011111111111000110000000000000110000000000000111000000000011000001
11111111101111011111111111111000111111111010111011111111111011001111111111000000000000000001001000000000000011100000000010100010
11111111111100110000000000011101111111111010011011111111111111001111111110111001111111111111110100000000010000110000000010000010
00000000000111110000000000100000111111111011010100000000000001001111111110100110000000000000011100000000001110000000000001110110
00000000000001100000000000000101111111111100100100000000000010111111111110100010000000000001101000000000000011010000000010000000
11111111111100111111111111110101111111111011111011111111111111011111111110100111000000000100100100000000001011110000000001101001
11111111111111001111111111100010111111111011011000000000001000001111111110101011000000000110010000000000000101110000000000001000
11111111111011110000000000000010111111111100001111111111111101101111111110100110111111111111110000000000011010100000000010001101
11111111101110100000000000010111111111111101010111111111111001111111111110001101111111111101101000000000010101100000000100010100
00000000000000110000000000000101111111111100100111111111110011111111111111010101000000000011001100000000010111110000000000000100
00000000000001110000000000000010111111111101101000000000000111001111111110110101000000000010110000000000010000110000000010100101
11111111111001111111111111110010111111111101000100000000000100011111111110110001000000000000101000000000001101100000000010011011
11111111111110111111111111011000111111111110101000000000000001001111111111000101111111111111101100000000010100110000000001001010
11111111111110011111111111010011111111111110011100000000000100011111111111001110111111111111100100000000000111100000000001111011
11111111111011011111111111010101111111111101001100000000000111001111111111010101000000000001010011111111111101000000000010110011
11111111111011101111111110111111111111111110111111111111111010011111111111001110000000000100011111111111111110110000000010110010
11111111110111101111111111100011111111111101101011111111111010011111111111001001000000000000011100000000001010100000000010100011
11111111111001111111111111101001111111111101000111111111111010111111111110101000111111111110011100000000001000010000000010001001
00000000000001001111111111101111111111111011111011111111111011011111111110011010111111111111001000000000000111110000000010001111
00000000000101101111111111111001111111111011000111111111111110011111111110011100111111111110011100000000000011110000000010001000
00000000001010001111111111101000111111111001111000000000000000101111111110100100111111111110101111111111111110110000000010001100
00000000001001001111111111111011111111111010100000000000001001101111111110110110000000000000100000000000000100110000000001111000
00000000000100111111111111110100111111111011101100000000001011011111111111001110000000000110100111111111111011110000000001010100
00000000001000011111111111111100111111111101100100000000001100101111111111000101000000000011111000000000000111000000000010101001
11111111110111101111111111100100111111111110100011111111111110101111111110100010111111111100110100000000011100000000000011110111
11111111111100011111111111110110111111111100010111111111110000111111111111010010000000000100001100000000001111011111111111110001
00000000001010001111111111010101111111111110101011111111111010001111111110100000000000000100101100000000001111110000000001011111
00000000000001001111111111100111111111111110010111111111110110101111111110011100000000000010111100000000000100100000000001010011
00000000000101011111111111010111111111111111100111111111111000001111111110100100000000000001111000000000001000000000000001010011
11111111111110011111111111000101000000000000000111111111111001011111111110100010000000000010000100000000001010010000000001101011
11111111111101101111111111001001000000000001011111111111110100111111111110110011000000000100101000000000001001000000000001111100
00000000000000011111111111000100000000000100011011111111110010101111111111000010000000000011100100000000000110010000000001100100
00000000000100111111111111100000000000000001101111111111110011001111111110111100000000000010000000000000000101100000000010000001
00000000000010101111111111100001000000000001001011111111110001001111111110011110000000000001000011111111111101110000000001110010
00000000000110111111111111100011000000000001001011111111110011011111111110010010000000000001110100000000001000110000000001111100
00000000001111011111111111100011000000000000011111111111111000001111111110010101000000000001100000000000001010000000000001111000
00000000010000011111111111100011000000000000010111111111111000111111111110010000000000000001011000000000001100100000000010000110
00000000001101001111111111100110111111111111111011111111111010111111111110100010000000000011011000000000000100100000000001101000
00000000010001011111111111011100111111111110110011111111111100001111111110100001000000000110011000000000000100000000000001011010
00000000001100111111111110111011111111111111101011111111111101111111111110110100000000001001010111111111111100010000000001001000
00000000010001011111111110111111000000000010001111111111111101001111111110100000000000000001101100000000011001010000000010110011
00000000000000011111111111111010111111111111001011111111110100011111111111011110000000000101100000000000011100011111111111101100
00000000001111111111111111011111111111111110110111111111110110101111111110111001000000000100110000000000010111110000000001010010
00000000001101111111111111011101111111111101010111111111110101101111111110110100000000000011101100000000010001110000000001100101
00000000001101101111111111011100111111111101000011111111110100101111111110110011000000000011010100000000001000110000000001001001
00000000010001111111111111010111111111111101000111111111110001101111111110110100000000000011000100000000001110000000000001001011
00000000001000111111111111010010111111111101011011111111110001001111111110110101000000000100101100000000001111110000000001011000
00000000010100011111111111001111111111111101010111111111110011111111111110111110000000000011110000000000010001100000000000111100
00000000001100111111111111010011111111111101100111111111110001011111111110111011000000000101001000000000011000100000000001010100
00000000001111001111111111001000111111111101010111111111110010011111111111000111000000000100001100000000010100010000000001010001
00000000001110001111111111001011111111111101001011111111110010101111111111000111000000000011110000000000011011010000000001000100
00000000001100001111111111000011111111111101110011111111110101011111111111001010000000000011110000000000011000000000000001010101
00000000000110011111111111000111111111111101101111111111110011111111111111000010000000000011000100000000010111100000000001010101
00000000001000101111111111001001111111111101110011111111110010001111111111000010000000000010010000000000010111000000000001001111
00000000000011111111111111000011111111111101010111111111110010001111111110110100000000000010001000000000010101010000000001000000
00000000000111001111111110111001111111111110000011111111110101001111111110011011000000000100100000000000000111110000000000100101
00000000001100001111111111000101000000000001100011111111110111111111111110110101000000000000011000000000001000100000000010001010
11111111111111110000000000001000111111111101110111111111110111101111111111110001000000000000100000000000100001000000000000110000
00000000000110001111111111100100111111111111011000000000000001111111111111001101111111111111101100000000101001000000000001101000
00000000000010111111111111100010111111111110100000000000000010001111111111001101111111111110101100000000100010110000000010000111
00000000000100101111111111101001111111111101111100000000000011101111111111001011111111111111001100000000011000010000000001111111
00000000000110111111111111100110111111111101110000000000000101011111111111001011111111111111000100000000011001000000000001101001
00000000000101101111111111101000111111111101010100000000000001101111111111001101111111111111001100000000011010000000000001101111
00000000000101111111111111100101111111111101011100000000000011111111111111001000111111111110011100000000011101000000000001110001
00000000000111001111111111101000111111111101010100000000000010111111111111001011111111111111000100000000011101010000000001101000
00000000001000101111111111100110111111111101001100000000000010101111111111001011111111111111001000000000011110010000000001101110
00000000000101101111111111101000111111111101010000000000000011001111111111001010111111111111000000000000100100110000000001110010
00000000000111111111111111011110111111111101011100000000000010001111111111001110111111111110110000000000100010000000000001101100
00000000001000011111111111011101111111111101111000000000000001011111111111010011111111111111000100000000011111110000000001111010
00000000000110001111111111011101111111111110001000000000000010011111111111001100111111111110011100000000011100100000000001110011
00000000000101001111111111011111111111111110011100000000000101101111111111001011111111111110110000000000010111110000000001110101
00000000000111011111111111011111111111111110000000000000001010011111111111000110111111111111100100000000010010000000000001011100
00000000000000011111111111001000111111111111011100000000000100001111111111001101000000000000101000000000001100110000000001111000
