#time0col7[msb-lsb],time0col6[msb-lst],....,time0col0[msb-lst]#
#time1col7[msb-lsb],time1col6[msb-lst],....,time1col0[msb-lst]#
#................#
00000000000000000000000000000000000000000000000000000000000000000000000000000000000000000000000000000000000000000000000000000000
00000000000000000000000000000000000000000000000000000000000000000000000000000000000000000000000000000000000000000000000000000000
00000000000000000000000000000000000000000000000000000000000000000000000000000000000000000000000000000000000000000000000000000000
00000000000000000000000000000000000000000000000000000000000000000000000000000000000000000000000000000000000000000000000000000000
00000000000000000000000000000000000000000000000000000000000000000000000000000000000000000000000000000000000000000000000000000000
00000000000000000000000000000000000000000000000000000000000000000000000000000000000000000000000000000000000000000000000000000000
00000000000000000000000000000000000000000000000000000000000000000000000000000000000000000000000000000000000000000000000000000000
00000000000000000000000000000000000000000000000000000000000000000000000000000000000000000000000000000000000000000000000000000000
00000000000000000000000000000000000000000000000000000000000000000000000000000000000000000000000000000000000000000000000000000000
00000000000000000000000000000000000000000000000000000000000000000000000000000000000000000000000000000000000000000000000000000000
00000000000000000000000000000000000000000000000000000000000000000000000000000000000000000000000000000000000000000000000000000000
00000000000000000000000000000000000000000000000000000000000000000000000000000000000000000000000000000000000000000000000000000000
00000000000000000000000000000000000000000000000000000000000000000000000000000000000000000000000000000000000000000000000000000000
00000000000000000000000000000000000000000000000000000000000000000000000000000000000000000000000000000000000000000000000000000000
00000000000000000000000000000000000000000000000000000000000000000000000000000000000000000000000000000000000000000000000000000000
00000000000000000000000000000000000000000000000000000000000000000000000000000000000000000000000000000000000000000000000000000000
00000000000000000000000000000000000000000000000000000000000000000000000000000000000000000000000000000000000000000000000000000000
00000000000000000000000000000000000000000000000000000000000000000000000000000000000000000000000000000000000000000000000000000000
00000000000000000000000000000000000000000000000000000000000000000000000000000000000000000000000000000000000000000000000000000000
11111111111000111111111111010000000000000000101000000000001010101111111111011011000000000000011000000000010111110000000000011101
11111111110100011111111111011100000000000000111000000000000101101111111111001101000000000001001100000000010011110000000000100011
11111111110101011111111111010100000000000000100111111111111111011111111110111010000000000001010000000000010011110000000000010100
11111111110101001111111111011011000000000000011111111111111111001111111110110011000000000001011100000000010010100000000000010101
11111111110101111111111111110010000000000000000111111111111101101111111110100101000000000001101000000000010000000000000000000111
11111111110001011111111111010000000000000001011011111111111010001111111111001010000000000001010000000000001100110000000000001001
11111111110100001111111111001011000000000001000111111111111100001111111111001110000000000000111100000000001101010000000000001100
11111111110010111111111111001011000000000001011011111111111100101111111111010101000000000001010000000000001011100000000000000111
11111111110110001111111111000001000000000001001111111111111111111111111111110000000000000000110000000000000101110000000000001100
11111111111001101111111110111011000000000000111100000000000011100000000000000011000000000000010100000000000010110000000000001110
11111111111011101111111110101111000000000000110000000000001011110000000000001101000000000000001100000000000010010000000000010000
11111111111001011111111110101110000000000001001000000000001010110000000000001101000000000000000000000000000010110000000000000101
11111111110001111111111110110100000000000001101000000000000011001111111111011101000000000000011100000000001111100000000000001011
11111111110001101111111111010010000000000001001011111111111101001111111110110101000000000001010100000000010110100000000000010011
11111111110010101111111111100110000000000000100000000000000000101111111110100010000000000001110000000000010100110000000000010000
11111111110001101111111111001010000000000001010011111111111101001111111111000011000000000001001000000000010000000000000000010010
00000000000000000000000000000000000000000000000000000000000000000000000000000000000000000000000000000000000000000000000000000000
00000000000000000000000000000000000000000000000000000000000000000000000000000000000000000000000000000000000000000000000000000000
11111111111100111111111111001110000000000000001000000000010000101111111111100100000000000000100100000000010010110000000000011000
11111111110110001111111111001101000000000000111100000000000101001111111111011001000000000001000000000000010000100000000000010000
11111111110101011111111111100010000000000000111011111111111001001111111111001001000000000000100000000000010010000000000000001010
11111111110100001111111111101110000000000000100111111111111100111111111110110001000000000001111000000000010100110000000000011100
11111111101110101111111111101101000000000001000111111111110101001111111110100100000000000010101100000000001111110000000000011001
11111111110001111111111111010101000000000001001111111111110100011111111111000100000000000001100000000000001001100000000000000001
11111111110000011111111111000110000000000001100111111111111000111111111111000111000000000001011100000000001101101111111111111001
11111111100111111111111111000100000000000010111111111111110101101111111111001010000000000010011000000000010000100000000000001001
11111111101100111111111111000110000000000001111111111111111010011111111111001010000000000010000100000000001101100000000000010111
11111111101101011111111111000111000000000001111111111111111001101111111111001010000000000001010100000000001101100000000000001001
11111111101110101111111111000010000000000001111011111111111110111111111111010111000000000001110100000000001001110000000000001101
11111111101000111111111110110101000000000010101100000000000000011111111111011001000000000001110000000000001011000000000000010000
11111111100101001111111110100111000000000011010000000000000010101111111111001011000000000001101000000000010101010000000000001110
11111111101101011111111111001101000000000001111111111111111001101111111111000000000000000001011100000000011010000000000000100110
11111111101101011111111111100100000000000001011011111111110111001111111110100011000000000010010000000000010101100000000000010110
11111111110010011111111111010101000000000001000111111111110111101111111110111110000000000001100100000000001101100000000000000110
00000000000000000000000000000000000000000000000000000000000000000000000000000000000000000000000000000000000000000000000000000000
00000000000000000000000000000000000000000000000000000000000000000000000000000000000000000000000000000000000000000000000000000000
11111111111110001111111111001100111111111111111100000000010001111111111111100000000000000000001000000000010011110000000000001001
11111111111100001111111111010101000000000000010000000000000110101111111111100100000000000000011000000000010000110000000000011000
11111111111011001111111111101010000000000000010011111111111010101111111111010000111111111111100100000000010001111111111111111101
11111111110101011111111111011011000000000000011111111111111100101111111110110001000000000001011100000000010110000000000000011000
11111111110001111111111111011011000000000000111111111111111001001111111110110110000000000001111100000000001110110000000000001101
11111111110100001111111111010111000000000001000011111111110110011111111111000111000000000000110000000000001101011111111111111110
11111111110011111111111111010011000000000000111111111111111001101111111110111110000000000001001100000000010001001111111111111111
11111111101101001111111111010100000000000010000111111111111010101111111111000001000000000001111100000000010100110000000000001000
11111111101100111111111111001101000000000001111011111111111100001111111110111100000000000001011000000000010110000000000000010100
11111111101001101111111111010001000000000010010111111111110010111111111110111010000000000010011000000000001111010000000000001111
11111111101101101111111111011001000000000001101111111111111101101111111110111110000000000010010100000000010000110000000000001111
11111111100111111111111110111111000000000010110011111111111110101111111111001000000000000001011000000000010100010000000000010011
11111111100110111111111110101111000000000011001011111111111101101111111111010010000000000001001000000000010111000000000000011101
11111111101011111111111111000101000000000010100111111111110101011111111111011101000000000001101000000000010011010000000000110101
11111111101111011111111111010110000000000001110011111111110110001111111111001001000000000001010100000000010010110000000000011000
11111111110001111111111111010001000000000001010011111111110110011111111111000111000000000001100100000000001100000000000000001000
00000000000000000000000000000000000000000000000000000000000000000000000000000000000000000000000000000000000000000000000000000000
00000000000000000000000000000000000000000000000000000000000000000000000000000000000000000000000000000000000000000000000000000000
11111111111101101111111111011001111111111111111100000000001100111111111111011011000000000000001000000000010011010000000000000110
11111111111010001111111111001101000000000000100100000000000010001111111111100100000000000000000100000000001110110000000000001010
11111111110111101111111111011011000000000000100011111111111011111111111111000011000000000000010000000000010011000000000000000000
11111111110100111111111111100101000000000000011111111111111101101111111110101111000000000001110100000000010011100000000000010100
11111111110010111111111111011000000000000000110111111111111000011111111110110111000000000001100100000000001111110000000000010000
11111111110101111111111111011010000000000000110111111111110111101111111111001011000000000000011100000000001101101111111111111100
11111111110101001111111111011010000000000001000111111111111011001111111111010001000000000001011100000000001111110000000000001100
11111111110011111111111111110011000000000001010100000000000010101111111111010010000000000001100100000000010101110000000000001111
11111111110011111111111111100101000000000001000011111111111101011111111111000111000000000000110100000000010101100000000000010011
11111111110100001111111111110000000000000000110111111111111010101111111110111101000000000001100000000000010001100000000000001001
11111111110101100000000000000011000000000000100111111111111101101111111110110110000000000000111100000000010101011111111111111101
11111111101011101111111111001010000000000010010011111111111011111111111111000010000000000000111000000000010111010000000000000110
11111111101110111111111111001000000000000001010111111111111100001111111110110100000000000001011000000000010000000000000000001000
11111111101111111111111111001111000000000001111011111111110110001111111111011111000000000000110100000000001001000000000000010101
11111111101010101111111110110110000000000011000111111111111000011111111111110101000000000001011100000000001000110000000000001101
11111111110001001111111110111101000000000001110111111111110111101111111111100100000000000000111100000000001011000000000000010100
00000000000000000000000000000000000000000000000000000000000000000000000000000000000000000000000000000000000000000000000000000000
00000000000000000000000000000000000000000000000000000000000000000000000000000000000000000000000000000000000000000000000000000000
11111111111110101111111111010101111111111111110000000000001111101111111111011011000000000000010000000000010010000000000000000101
11111111111001101111111111001111000000000000011000000000000010011111111111010110000000000000000100000000001111110000000000000110
11111111110111101111111111010100000000000000100011111111111011011111111111000101000000000000001000000000010001111111111111111010
11111111110010001111111111010111000000000000110011111111111101101111111110101110000000000010001000000000010010110000000000010100
11111111110001111111111111011001000000000000111111111111111000011111111110110100000000000001110000000000010000000000000000001011
11111111111000001111111111001111000000000000100111111111111011101111111111010101111111111111111000000000001011001111111111110110
11111111110000001111111111000100000000000001110111111111111011101111111111010110000000000010000100000000001100110000000000001010
11111111101110011111111111100011000000000001111000000000000001011111111111000000000000000001010100000000011100000000000000001110
11111111101010011111111111001101000000000010100011111111111110001111111111000111000000000001000000000000011010000000000000010010
11111111101101001111111111100111000000000001110111111111111011111111111110111001000000000010000100000000011000010000000000100001
11111111101111111111111111110100000000000001000111111111111101011111111110100001000000000001011000000000011011010000000000001011
11111111110000101111111111011110000000000001000011111111111000111111111110101001000000000001001100000000010101000000000000001011
11111111110011101111111111100001000000000000100011111111111000001111111110101001000000000001010100000000010001010000000000001010
11111111110001101111111111010110000000000001001111111111111101101111111111001011000000000001100000000000001000110000000000000110
11111111101011011111111110110101000000000010111011111111111101101111111111110100000000000000111000000000001011000000000000001011
11111111101100011111111110110100000000000010100011111111111010101111111111100000000000000000100000000000001111110000000000001000
00000000000000000000000000000000000000000000000000000000000000000000000000000000000000000000000000000000000000000000000000000000
00000000000000000000000000000000000000000000000000000000000000000000000000000000000000000000000000000000000000000000000000000000
11111111111101111111111111010010111111111111110000000000001110011111111111010110000000000000011000000000010010100000000000001010
11111111111001001111111111001000000000000000101000000000000011101111111111100110000000000000000100000000001101100000000000010000
11111111110101101111111111001000000000000000111111111111111011101111111111010001000000000000010100000000010000010000000000000101
11111111110000011111111111010100000000000000111111111111111011111111111110101010000000000010001100000000010100010000000000011010
11111111110010101111111111001110000000000001001011111111111010011111111111001000000000000001000100000000001110100000000000001110
11111111110111111111111111001001000000000000101011111111111100111111111111011011000000000000000000000000001001001111111111111100
11111111101110101111111110110111000000000001110111111111111011101111111111001111000000000001011000000000001101010000000000000111
11111111101000111111111111000101000000000010101111111111111111111111111110111011000000000000110100000000011110000000000000010010
11111111101001111111111110111101000000000010101100000000000110101111111111000111000000000000000000000000011111010000000000001011
11111111101011101111111111000010000000000010010100000000000010011111111111000100000000000001100100000000011101010000000000101101
11111111101010111111111111001100000000000010000100000000000010101111111110101000000000000000101000000000100100100000000000010110
11111111101101001111111111000011000000000001101011111111111001011111111110110001000000000001001000000000010101100000000000010000
11111111110100101111111111010100000000000000100111111111111010001111111110110110000000000001001100000000001111100000000000001011
11111111110001111111111111100110000000000001001111111111111011111111111111000000000000000001101000000000010011100000000000010101
11111111101101101111111111011010000000000001111111111111111011111111111111001101000000000001011100000000010011000000000000010110
11111111100111101111111111010001000000000010111011111111110001101111111111001010000000000001110000000000010000000000000000001011
00000000000000000000000000000000000000000000000000000000000000000000000000000000000000000000000000000000000000000000000000000000
00000000000000000000000000000000000000000000000000000000000000000000000000000000000000000000000000000000000000000000000000000000
11111111111100001111111111010100000000000000001100000000001100101111111111011101000000000000000000000000010011100000000000000111
11111111111000111111111111000011000000000000111100000000000111010000000000000000000000000000000000000000001001010000000000011101
11111111110100001111111110111011000000000001011111111111111110011111111111110010000000000000011000000000001101000000000000101011
11111111110000111111111111001101000000000001110011111111111011011111111111100010000000000001001000000000010001000000000000101101
11111111110010011111111110111110000000000001101111111111111101001111111111101010000000000000001100000000001100000000000000001110
11111111110100111111111110111010000000000001011000000000000000011111111111101011111111111111101000000000001010111111111111111001
11111111110011011111111110111100000000000001000111111111111110011111111111010001000000000000110100000000001010000000000000000010
11111111101111001111111110111000000000000001101100000000000010011111111111000001000000000000001100000000010101100000000000000100
11111111101011011111111111000000000000000010011100000000000110001111111111001010111111111111110000000000011101110000000000010010
11111111101011101111111110110111000000000010101000000000000101011111111111010111000000000000101000000000011101100000000000101000
11111111101011111111111111000111000000000010001100000000000010111111111110111100000000000000110100000000100001010000000000101001
11111111101101101111111111000100000000000001100011111111111101101111111110101100000000000000110000000000010111010000000000001001
11111111110110011111111111010001000000000000010011111111111110101111111110110110000000000000110000000000010001000000000000010000
11111111110101101111111111011111000000000000010111111111111111011111111110110001000000000001011000000000010011010000000000010000
11111111101110111111111111101010000000000001011111111111111011111111111110111001000000000010001000000000010010110000000000010001
11111111101010011111111111001111000000000010001011111111110010111111111110111010000000000010010000000000001101100000000000001010
00000000000000000000000000000000000000000000000000000000000000000000000000000000000000000000000000000000000000000000000000000000
00000000000000000000000000000000000000000000000000000000000000000000000000000000000000000000000000000000000000000000000000000000
11111111111010111111111111010110000000000000010100000000001110011111111111011101000000000000100100000000010011000000000000010001
11111111111001001111111111001101000000000000110000000000000111011111111111110001000000000000011000000000001011110000000000100010
11111111110100011111111110111010000000000001101111111111111111011111111111111011000000000000000100000000001011110000000000100101
11111111110010101111111111000110000000000001101111111111111101011111111111101100000000000000101000000000001011000000000000100100
11111111110011011111111111000000000000000001101111111111111101011111111111110001000000000000001100000000001010100000000000010111
11111111110011001111111110111010000000000001111011111111111110001111111111111111000000000000011000000000000110000000000000010011
11111111101110111111111110111110000000000001111011111111111110101111111111011010000000000001000100000000001101010000000000010001
11111111110101001111111111010110000000000000100111111111111110001111111110111110000000000000111100000000001110010000000000000101
11111111110000111111111111001001000000000001000000000000000010101111111110100110000000000000111100000000011001110000000000001010
11111111110010011111111111001110000000000000111111111111111110101111111110111001000000000000110100000000010010000000000000010101
11111111101001111111111111000101000000000010001011111111111101111111111110101011000000000001101000000000011011000000000000011110
11111111101101001111111111010111000000000001010011111111111101111111111110011001000000000001011100000000011010010000000000001110
11111111110011111111111111010011000000000000011111111111111011011111111110101101000000000000111000000000010001110000000000010010
11111111110101001111111111011111000000000000010111111111111010101111111110101111000000000001001000000000010000100000000000001100
11111111110000101111111111101101000000000001000111111111111100101111111110110100000000000010010000000000010000110000000000001011
11111111101011111111111111001110000000000001110011111111110100111111111110110100000000000010011000000000001011100000000000000011
00000000000000000000000000000000000000000000000000000000000000000000000000000000000000000000000000000000000000000000000000000000
00000000000000000000000000000000000000000000000000000000000000000000000000000000000000000000000000000000000000000000000000000000
11111111111011001111111111001001000000000000010100000000001111001111111111011011000000000000010100000000010100110000000000001011
11111111110111101111111111000111000000000001000000000000000010011111111111101010000000000000100000000000001011100000000000001001
11111111110110101111111111000111000000000001000100000000000001011111111111100000000000000000001000000000001101001111111111111010
11111111111001011111111110111100000000000000110000000000000110001111111111110010000000000000001100000000000111000000000000001101
11111111111010001111111110110011000000000000111100000000000111110000000000000100000000000000000000000000000111100000000000011001
11111111111010011111111111010001000000000001000100000000000010000000000000001011000000000000011100000000000100010000000000010111
11111111110000101111111111111001000000000001100111111111111010011111111111001100000000000001101000000000001111100000000000010100
11111111101101111111111111110010000000000001001111111111110110111111111110100011000000000010000100000000010000110000000000001110
11111111101101111111111111010010000000000001011111111111111001111111111110100111000000000001010000000000011000010000000000010101
11111111110000001111111111001000000000000001010011111111111101101111111110110011000000000001001100000000010110110000000000011010
11111111101011011111111110111111000000000010001011111111111010111111111110111111000000000010000000000000010110000000000000101101
11111111101111111111111111010101000000000001000111111111111110001111111110101010000000000001100000000000011001100000000000100110
11111111110011111111111111011100000000000000100111111111110111101111111110110010000000000000110100000000010000000000000000010011
11111111110101111111111111011011000000000000001111111111111111101111111110110011000000000001010000000000001110100000000000001111
11111111101100001111111111011111000000000001111011111111111001101111111110111100000000000010010000000000010001010000000000010000
11111111101100001111111111001101000000000001110111111111110101111111111110110111000000000001110100000000001101001111111111111101
00000000000000000000000000000000000000000000000000000000000000000000000000000000000000000000000000000000000000000000000000000000
00000000000000000000000000000000000000000000000000000000000000000000000000000000000000000000000000000000000000000000000000000000
11111111111110001111111111010100111111111111110100000000001101101111111111011011000000000000001000000000010001100000000000000101
11111111110111001111111111001010000000000000111100000000000011101111111111100001000000000000010100000000001110000000000000000011
11111111110001011111111111000110000000000001111011111111111100011111111111100000000000000001000100000000001110001111111111111011
11111111101011101111111110111101000000000010110111111111111100001111111111101111000000000001111000000000001100010000000000010111
11111111111000111111111110111100000000000001010100000000000100110000000000010001111111111111010100000000001000000000000000010110
11111111111111001111111111101110000000000000010000000000000100100000000000001000000000000000000000000000000011100000000000001110
11111111101010001111111111011101000000000010110011111111111001101111111111010111000000000010101100000000010010110000000000100110
11111111100111011111111111001011000000000010101111111111110001001111111111000100000000000011000000000000001011010000000000011010
11111111101101011111111111001111000000000001110011111111111010101111111110110010000000000000111100000000010111100000000000000100
11111111110001101111111111011001000000000001001011111111111110111111111110110010000000000000010000000000011011000000000000000110
11111111110100001111111111001100000000000001000111111111111101111111111111010000000000000000010000000000010010100000000000011011
11111111110011011111111111100011000000000000111111111111111000011111111110111111000000000000110100000000010011110000000000011101
11111111110100101111111111010010000000000000011111111111111010101111111110110001000000000000110000000000010010110000000000010110
11111111110001101111111111000101000000000000111011111111111101001111111110110110000000000001110100000000010000100000000000100001
11111111101100001111111111010110000000000001101011111111111110011111111110101111000000000010100000000000010011110000000000010101
11111111101011111111111111001110000000000001111011111111110101101111111110111011000000000001111100000000001011000000000000000000
00000000000000000000000000000000000000000000000000000000000000000000000000000000000000000000000000000000000000000000000000000000
00000000000000000000000000000000000000000000000000000000000000000000000000000000000000000000000000000000000000000000000000000000
11111111111110001111111111010000111111111111110100000000001111111111111111011100000000000000001100000000010001010000000000000101
11111111111000011111111111001110000000000000111000000000000001001111111111101011000000000000001100000000001010010000000000000100
11111111101101101111111111000000000000000010010111111111110110011111111111100001000000000001100100000000001001000000000000001001
11111111101010111111111111001101000000000010111011111111110110011111111111100010000000000000111100000000010001110000000000011001
11111111110110011111111111110100000000000001100011111111111001101111111111111110111111111111111100000000001001010000000000011100
11111111110001101111111111011111000000000001101011111111111101001111111111100011000000000001010100000000000111010000000000011010
11111111100100001111111110110001000000000011101111111111110101111111111111100101000000000011001100000000001000100000000000100011
11111111101101101111111110110110000000000010011111111111111000101111111111110110000000000010001000000000000010110000000000100001
11111111110110111111111111010101000000000000110111111111111100111111111111010111000000000000011000000000001110110000000000001101
11111111111000011111111111100000000000000000011111111111111101011111111111010000000000000000000000000000010000100000000000001110
11111111110111111111111111011100000000000000011011111111111100001111111111001001000000000000010000000000001111010000000000010011
11111111110101101111111111011110000000000000100111111111110101111111111111000101000000000000110100000000001010100000000000001101
11111111110010011111111111001010000000000001001111111111110110101111111111001011000000000000110100000000001100110000000000001001
11111111110001111111111111001010000000000001000111111111111100001111111111000010000000000001011100000000001110100000000000010011
11111111101100011111111111011010000000000001110011111111110111001111111110111000000000000010010000000000010010110000000000100000
11111111101111111111111111010110000000000001010111111111110110001111111110111011000000000001011000000000001100001111111111111100
00000000000000000000000000000000000000000000000000000000000000000000000000000000000000000000000000000000000000000000000000000000
00000000000000000000000000000000000000000000000000000000000000000000000000000000000000000000000000000000000000000000000000000000
11111111111100101111111111001110000000000000001000000000010000101111111111011111000000000000011000000000010010010000000000000110
11111111110101001111111111000101000000000001010000000000000001101111111111101011000000000000110000000000001010100000000000011000
11111111111000001111111111000100000000000001000011111111111110011111111111110001000000000000000100000000001000100000000000000111
11111111111000111111111111011010000000000001001011111111111100001111111111111000111111111111100100000000001010110000000000001110
11111111110100011111111111010011000000000001101111111111111001101111111111110100000000000000100000000000001000100000000000010100
11111111101000101111111111001010000000000011000111111111110000001111111111100111000000000010011100000000000100000000000000011011
11111111100111111111111111001101000000000011001011111111110110101111111111011111000000000010000000000000001100110000000000010101
11111111101100111111111111000110000000000010001111111111111101001111111111011101000000000001010000000000001010010000000000010000
11111111101110011111111111000111000000000001101111111111111101111111111111010001000000000001001000000000001010000000000000010000
11111111110100101111111110111011000000000001010000000000000011111111111111101011000000000000000000000000001010010000000000010001
11111111111011011111111110111111000000000000001000000000000111001111111111100111111111111111101000000000001000010000000000001001
11111111111010001111111110111011000000000000101000000000000100101111111111110110111111111111101000000000000111010000000000000100
11111111110101111111111111001100000000000001010011111111111111111111111111110100000000000000100000000000000110110000000000001001
11111111110011011111111111011110000000000001101000000000000001101111111111101101000000000000001000000000010001000000000000010110
11111111100111111111111111001100000000000011000011111111110101011111111111011000000000000001101100000000010000110000000000011000
11111111101011111111111111000111000000000010000111111111110101101111111111000110000000000001011000000000001100001111111111111110
00000000000000000000000000000000000000000000000000000000000000000000000000000000000000000000000000000000000000000000000000000000
00000000000000000000000000000000000000000000000000000000000000000000000000000000000000000000000000000000000000000000000000000000
11111111111010101111111111001010000000000000100100000000001100111111111111100110000000000000000100000000010010010000000000000100
11111111110101111111111111000111000000000001011100000000000000001111111111110111000000000000001000000000001100010000000000010100
11111111111011111111111111010011000000000000100100000000000000011111111111111001111111111111001100000000001000010000000000000100
11111111111000111111111111010100000000000001001011111111111100011111111111111111111111111111110000000000000111010000000000001111
11111111110011011111111111000000000000000001110111111111111001001111111111111010000000000001000100000000000101010000000000011011
11111111101111011111111111000001000000000010100111111111110100101111111111111110000000000000111100000000001000000000000000011110
11111111110100011111111111011111000000000001101111111111111000101111111111110011000000000000010000000000001010100000000000011000
11111111110000011111111111001110000000000001111011111111111100011111111111101000000000000001001000000000000101110000000000010011
11111111101101111111111110110011000000000001111000000000000000011111111111010110000000000001001000000000001000110000000000010010
11111111110011011111111110111111000000000001100000000000000110011111111111101100111111111111111000000000001011010000000000001110
11111111110101101111111111000000000000000001010100000000000110011111111111110101111111111111110000000000001010000000000000010000
11111111110110101111111111000000000000000001010100000000000101010000000000000000111111111111111000000000000111010000000000010011
11111111110111011111111111010101000000000000111100000000000010101111111111110011000000000000010000000000000101000000000000010000
11111111110010101111111111001000000000000010000000000000000001111111111111111110111111111111101000000000001100010000000000010010
11111111101011111111111111000010000000000010111111111111111101001111111111111000000000000000011000000000010000000000000000011110
11111111100101001111111110110111000000000011101011111111110011111111111111100001000000000001011000000000001111100000000000010100
00000000000000000000000000000000000000000000000000000000000000000000000000000000000000000000000000000000000000000000000000000000
00000000000000000000000000000000000000000000000000000000000000000000000000000000000000000000000000000000000000000000000000000000
11111111110111101111111111011010000000000000110000000000001001111111111111011010000000000000011000000000010011110000000000001111
11111111111000101111111111001001000000000001000000000000000111111111111111111101111111111111111100000000001001000000000000010011
11111111111100101111111111001010000000000000100000000000000100001111111111111110111111111111010100000000001000110000000000001011
11111111111101001111111111001100000000000000010100000000000011011111111111111011111111111111011100000000000111000000000000001010
11111111110111111111111111000000000000000001001000000000000000101111111111111000000000000000000000000000001001000000000000001001
11111111111100001111111111000001000000000000110000000000000101000000000000000101111111111111100100000000001000100000000000000101
11111111111001111111111111000110000000000000111000000000000010001111111111110110111111111111100000000000001010000000000000000011
11111111111001011111111110111100000000000001001100000000000011110000000000001001000000000000001100000000000101100000000000001011
11111111111001111111111110110110000000000001000100000000000101110000000000000001111111111111011000000000001010000000000000000011
11111111111000001111111110110110000000000001010000000000000111011111111111111001111111111111010000000000001101100000000000000010
11111111110110111111111110110101000000000001100000000000000101111111111111111100111111111111001000000000001101110000000000000100
11111111110110101111111110110111000000000001010100000000000100101111111111110011111111111111011100000000001100010000000000000101
11111111110110011111111110111001000000000001010100000000000011111111111111110011111111111111010100000000001101000000000000001010
11111111111001011111111110110101000000000000110000000000000111001111111111110001111111111111010100000000001011100000000000001011
11111111111000001111111110110101000000000001001000000000000111010000000000000001111111111111011100000000001010000000000000010111
11111111110110001111111111000111000000000001101111111111111101000000000000001101111111111111100100000000001000010000000000011011
00000000000000000000000000000000000000000000000000000000000000000000000000000000000000000000000000000000000000000000000000000000
00000000000000000000000000000000000000000000000000000000000000000000000000000000000000000000000000000000000000000000000000000000
11111111111110111111111111001111000000000000001000000000010000111111111111110110000000000000000000000000001110001111111111111110
11111111111101001111111110111100000000000000100100000000010001110000000000001000111111111111110000000000001101110000000000011100
00000000000000111111111110111100111111111111111000000000010100000000000000001000111111111111111000000000000111110000000000010011
00000000000001101111111111000010111111111111101000000000010101000000000000000010000000000000001000000000000110100000000000001110
00000000000001011111111111000010111111111111101000000000010100000000000000000000000000000000000100000000000110110000000000001101
00000000000001111111111111000000111111111111101000000000010101010000000000000010000000000000000000000000000111100000000000001101
00000000000010001111111110111011111111111111101000000000010100110000000000000011111111111111110100000000001000110000000000001111
00000000000010011111111110111110111111111111100100000000010110100000000000000011000000000000000100000000001000010000000000010000
00000000000010101111111110111100111111111111100100000000010110110000000000000011111111111111111100000000001001010000000000001111
00000000000010111111111111000000111111111111100100000000010101100000000000000100111111111111111100000000001001010000000000010000
00000000000011001111111110111010111111111111101000000000010101000000000000001001111111111111110000000000001001100000000000010100
00000000000001101111111110111111111111111111110100000000010100000000000000000111111111111111110100000000001001100000000000010010
00000000000001111111111110111100111111111111101100000000010100100000000000000111111111111111111100000000000110110000000000010010
00000000000001011111111111000001111111111111101100000000010100000000000000000100000000000000000100000000000101110000000000001111
00000000000000111111111111000010111111111111110000000000010010110000000000000110000000000000001000000000000100000000000000010001
11111111111101001111111111001100000000000000100100000000001110010000000000001110000000000000010000000000001000000000000000011011
00000000000000000000000000000000000000000000000000000000000000000000000000000000000000000000000000000000000000000000000000000000
00000000000000000000000000000000000000000000000000000000000000000000000000000000000000000000000000000000000000000000000000000000
11111111111011101111111111011101000000000000011000000000001001011111111111101001111111111111110100000000001101110000000000000001
11111111110111101111111111010110000000000001010100000000000101001111111111111101111111111111110000000000001011000000000000000110
11111111110110101111111111010011000000000001100000000000000100011111111111111111111111111111111000000000001010100000000000000110
11111111110111011111111111010110000000000001010100000000000100101111111111111011111111111111111100000000001001100000000000000001
11111111110101101111111111010110000000000001100000000000000011101111111111110110000000000000000100000000001010110000000000000100
11111111110111011111111111010101000000000001010100000000000100101111111111111110000000000000000100000000001000100000000000000110
11111111110110011111111111011000000000000001010100000000000011111111111111110101000000000000010000000000001000110000000000000100
11111111110111011111111111010110000000000001010100000000000100101111111111111011111111111111111100000000001001100000000000000001
11111111110110101111111111010011000000000001100000000000000100011111111111111111111111111111111000000000001010100000000000000110
11111111110110011111111111011000000000000001010100000000000011111111111111110101000000000000010000000000001000110000000000000100
11111111110101111111111111010000000000000001100000000000000011101111111111111010000000000000010000000000001001010000000000000111
11111111110110101111111111011000000000000001010100000000000100111111111111110111000000000000010100000000001000100000000000000101
11111111110110011111111111011000000000000001010100000000000011111111111111110101000000000000010000000000001000110000000000000100
11111111110101101111111111010011000000000001100000000000000011011111111111110111000000000000010000000000001001010000000000000011
11111111110110011111111111001111000000000001100000000000000101101111111111111110111111111111111000000000001010100000000000000101
11111111110111101111111111001101000000000001011100000000000111010000000000000101111111111111110000000000001011000000000000000110
00000000000000000000000000000000000000000000000000000000000000000000000000000000000000000000000000000000000000000000000000000000
00000000000000000000000000000000000000000000000000000000000000000000000000000000000000000000000000000000000000000000000000000000
00000000000000000000000000000000000000000000000000000000000000000000000000000000000000000000000000000000000000000000000000000000
00000000000000000000000000000000000000000000000000000000000000000000000000000000000000000000000000000000000000000000000000000000
00000000000000000000000000000000000000000000000000000000000000000000000000000000000000000000000000000000000000000000000000000000
00000000000000000000000000000000000000000000000000000000000000000000000000000000000000000000000000000000000000000000000000000000
00000000000000000000000000000000000000000000000000000000000000000000000000000000000000000000000000000000000000000000000000000000
00000000000000000000000000000000000000000000000000000000000000000000000000000000000000000000000000000000000000000000000000000000
00000000000000000000000000000000000000000000000000000000000000000000000000000000000000000000000000000000000000000000000000000000
00000000000000000000000000000000000000000000000000000000000000000000000000000000000000000000000000000000000000000000000000000000
00000000000000000000000000000000000000000000000000000000000000000000000000000000000000000000000000000000000000000000000000000000
00000000000000000000000000000000000000000000000000000000000000000000000000000000000000000000000000000000000000000000000000000000
00000000000000000000000000000000000000000000000000000000000000000000000000000000000000000000000000000000000000000000000000000000
00000000000000000000000000000000000000000000000000000000000000000000000000000000000000000000000000000000000000000000000000000000
00000000000000000000000000000000000000000000000000000000000000000000000000000000000000000000000000000000000000000000000000000000
00000000000000000000000000000000000000000000000000000000000000000000000000000000000000000000000000000000000000000000000000000000
00000000000000000000000000000000000000000000000000000000000000000000000000000000000000000000000000000000000000000000000000000000
00000000000000000000000000000000000000000000000000000000000000000000000000000000000000000000000000000000000000000000000000000000
00000000000000000000000000000000000000000000000000000000000000000000000000000000000000000000000000000000000000000000000000000000
