#time0col7[msb-lsb],time0col6[msb-lst],....,time0col0[msb-lst]#
#time1col7[msb-lsb],time1col6[msb-lst],....,time1col0[msb-lst]#
#................#
00000000000000000000000000000000000000000000000000000000000000000000000000000000000000000000000000000000000000000000000000000000
00000000000000000000000000000000000000000000000000000000000000000000000000000000000000000000000000000000000000000000000000000000
00000000000000000000000000000000000000000000000000000000000000000000000000000000000000000000000000000000000000000000000000000000
00000000000000000000000000000000000000000000000000000000000000000000000000000000000000000000000000000000000000000000000000000000
00000000000000000000000000000000000000000000000000000000000000000000000000000000000000000000000000000000000000000000000000000000
00000000000000000000000000000000000000000000000000000000000000000000000000000000000000000000000000000000000000000000000000000000
00000000000000000000000000000000000000000000000000000000000000000000000000000000000000000000000000000000000000000000000000000000
00000000000000000000000000000000000000000000000000000000000000000000000000000000000000000000000000000000000000000000000000000000
00000000000000000000000000000000000000000000000000000000000000000000000000000000000000000000000000000000000000000000000000000000
00000000000000000000000000000000000000000000000000000000000000000000000000000000000000000000000000000000000000000000000000000000
00000000000000000000000000000000000000000000000000000000000000000000000000000000000000000000000000000000000000000000000000000000
00000000000000000000000000000000000000000000000000000000000000000000000000000000000000000000000000000000000000000000000000000000
00000000000000000000000000000000000000000000000000000000000000000000000000000000000000000000000000000000000000000000000000000000
00000000000000000000000000000000000000000000000000000000000000000000000000000000000000000000000000000000000000000000000000000000
00000000000000000000000000000000000000000000000000000000000000000000000000000000000000000000000000000000000000000000000000000000
00000000000000000000000000000000000000000000000000000000000000000000000000000000000000000000000000000000000000000000000000000000
00000000000000000000000000000000000000000000000000000000000000000000000000000000000000000000000000000000000000000000000000000000
00000000000000000000000000000000000000000000000000000000000000000000000000000000000000000000000000000000000000000000000000000000
00000000000000000000000000000000000000000000000000000000000000000000000000000000000000000000000000000000000000000000000000000000
00000000001010000000000000011110000000000011010000000000010000011111111111100011000000000101101000000000001111001111111111011101
00000000001001010000000000011011000000000010101100000000001101101111111111101110000000000110110000000000001011011111111111001111
00000000001001100000000000100000000000000011001100000000001101001111111111101000000000000011011000000000001101101111111111101011
00000000001001000000000000011111000000000010111100000000001011001111111111101100000000000011100100000000001101001111111111101101
00000000001001100000000000011001000000000010100000000000001001011111111111111000000000000010110000000000001011101111111111111011
00000000000111000000000000100101000000000010100100000000000101111111111111101000000000000001001000000000000110011111111111111100
00000000000110000000000000100111000000000010100100000000000101111111111111100101000000000000111100000000000111111111111111111110
00000000000111110000000000011010000000000010101000000000000100111111111111100011000000000000010000000000000111100000000000000000
00000000000100110000000000011001000000000001110100000000000010101111111111100101000000000000001100000000000100011111111111110011
00000000000011000000000000010110000000000001011000000000000000111111111111100100111111111111110100000000000011101111111111110001
00000000000100100000000000010001000000000001011111111111111111111111111111011111000000000000000000000000000101111111111111101111
00000000000101000000000000011011000000000001100111111111111110111111111111011110111111111111001000000000000011111111111111111110
00000000000111010000000000111000000000000010111100000000000101001111111111011011000000000001010100000000000111010000000000000010
00000000001001110000000000101010000000000011100100000000001100001111111111100011000000000011010100000000001101001111111111110110
00000000001011100000000000100001000000000011001000000000001011101111111111110001000000000100011100000000001101101111111111110001
00000000000110100000000000101111000000000010110100000000000101001111111111100011000000000010000000000000001000111111111111111111
00000000000000000000000000000000000000000000000000000000000000000000000000000000000000000000000000000000000000000000000000000000
00000000000000000000000000000000000000000000000000000000000000000000000000000000000000000000000000000000000000000000000000000000
00000000001011010000000000001000000000000010111100000000001100111111111111100010000000000100001100000000010001001111111111100011
00000000001010010000000000010100000000000010111100000000001011001111111111100100000000000010111000000000001011111111111111101010
00000000000101100000000000101101000000000010100100000000001100001111111111101111000000000010100000000000000111001111111111110111
00000000001010100000000000001111000000000011000000000000010000001111111111110011000000000101101000000000001101101111111111010110
00000000001010000000000000001111000000000010110000000000001011101111111111110110000000000100100000000000001001111111111111011001
00000000000110110000000000011110000000000010011000000000000110011111111111101101111111111111101100000000000101001111111111111101
00000000001010110000000000011111000000000011010000000000001000101111111111100010111111111111001000000000001000000000000000000110
00000000001100100000000000010110000000000011110100000000000111111111111111011001000000000001000000000000000111111111111111111000
00000000001001110000000000011010000000000010111100000000001000101111111111100101000000000011001000000000000111011111111111011101
00000000000111100000000000110000000000000010110000000000000101001111111111100101000000000001011100000000000100101111111111111100
00000000001001110000000000010110000000000010101000000000000100001111111111100011000000000001100000000000000110011111111111101110
00000000001001110000000000101011000000000010110000000000000001101111111111011111000000000010100000000000000011011111111111101111
00000000001101010000000000111101000000000100001100000000000100101111111111001111000000000010110000000000001000010000000000000010
00000000001001000000000000101110000000000011110100000000010000011111111111100000000000000110000000000000001011101111111111010111
00000000001011000000000000011111000000000011011100000000001101001111111111101101000000000100100000000000001011101111111111100111
00000000001000100000000000011100000000000010110100000000001000111111111111101010000000000000110000000000001000101111111111111001
00000000000000000000000000000000000000000000000000000000000000000000000000000000000000000000000000000000000000000000000000000000
00000000000000000000000000000000000000000000000000000000000000000000000000000000000000000000000000000000000000000000000000000000
00000000001100000000000000010010000000000011001000000000001100111111111111100001000000000010101100000000010001011111111111111000
00000000000111010000000000010010000000000010100000000000001101001111111111101000000000000011101000000000001100101111111111100001
00000000000011010000000000110100000000000010010000000000001011001111111111110001000000000000110000000000000110110000000000010000
00000000001010000000000000011101000000000011011000000000010000111111111111101011000000000100010000000000001110111111111111100000
00000000001010000000000000010101000000000010111000000000001011001111111111101110000000000010011000000000001010001111111111101001
00000000000101110000000000101100000000000010100000000000001000001111111111101100111111111111111000000000000101100000000000000111
00000000001010000000000000100000000000000011010000000000001100001111111111100111000000000000011100000000001010100000000000000000
00000000001101010000000000010101000000000011111000000000001011111111111111011111000000000010001000000000001011101111111111111001
00000000001001110000000000110011000000000011100000000000001011001111111111100011000000000100000100000000001001011111111111110000
00000000001001110000000000011101000000000011010000000000000111011111111111100100000000000001111000000000000110111111111111110010
00000000001101100000000000001101000000000011010000000000001011101111111111101010000000000011110000000000001010011111111111100001
00000000001001110000000000111110000000000011011100000000000101111111111111011101000000000011111100000000000101111111111111111000
00000000001000110000000001000111000000000011110100000000000111111111111111010100000000000100100000000000000110011111111111101111
00000000000100110000000000100100000000000011000100000000001011011111111111011101000000000101111000000000000110111111111111000111
00000000000110110000000000100111000000000011000000000000001011111111111111100111000000000011100100000000000111011111111111100110
00000000001000000000000000011010000000000010101100000000001001011111111111101010000000000000110100000000000111001111111111110000
00000000000000000000000000000000000000000000000000000000000000000000000000000000000000000000000000000000000000000000000000000000
00000000000000000000000000000000000000000000000000000000000000000000000000000000000000000000000000000000000000000000000000000000
00000000001010110000000000010100000000000010111000000000001101101111111111101000000000000010101100000000001111001111111111111000
00000000000110000000000000100011000000000010011100000000001010111111111111100111000000000001100100000000001000111111111111110100
00000000000110110000000000110001000000000010111000000000001100001111111111101011000000000001000100000000001001100000000000001000
00000000001011000000000000010001000000000011001000000000001110011111111111101111000000000100000000000000001110011111111111100100
00000000001000010000000000100000000000000010110100000000001011111111111111101110000000000010101000000000001001101111111111101000
00000000000101010000000000101110000000000010011000000000001000111111111111101110111111111111111100000000000101010000000000001000
00000000001001110000000000001001000000000011000000000000001100111111111111100111000000000001110000000000001011001111111111101011
00000000001101101111111111111101000000000011010000000000010000001111111111101100000000000100111000000000001101001111111111100011
00000000001000100000000000100110000000000010111000000000010000101111111111110001000000000101001000000000001001001111111111011111
00000000001010000000000000010001000000000010110000000000001101111111111111110100000000000011010000000000001001111111111111101011
00000000001010100000000000011011000000000010110000000000001110101111111111111010000000000011100000000000001001111111111111111111
00000000001010000000000001000000000000000011101100000000001010101111111111100000000000000010110100000000000111010000000000000100
00000000001001000000000000110110000000000011000000000000000111001111111111101000000000000001111100000000000111111111111111111101
00000000000001000000000000110011000000000001101100000000000001001111111111101010000000000001110011111111111111111111111111110110
00000000000111010000000000011110000000000010101000000000000011101111111111011011000000000000101100000000000000111111111111101101
00000000000100100000000000101000000000000010011100000000000111011111111111100010000000000001011000000000000011111111111111100111
00000000000000000000000000000000000000000000000000000000000000000000000000000000000000000000000000000000000000000000000000000000
00000000000000000000000000000000000000000000000000000000000000000000000000000000000000000000000000000000000000000000000000000000
00000000001011110000000000001110000000000010111000000000001100111111111111100111000000000010011000000000010000011111111111111000
00000000000110100000000000101100000000000010100000000000001010111111111111101010000000000001101000000000001001001111111111111010
00000000000111000000000000110101000000000010111000000000001100101111111111101011000000000000010100000000001000100000000000001001
00000000001100110000000000010010000000000011011000000000001111001111111111101100000000000100000000000000001110001111111111011011
00000000001001110000000000011100000000000011000000000000001011111111111111101101000000000010001100000000001010001111111111101101
00000000000100010000000000111000000000000010000100000000000111001111111111101110111111111111001000000000000011110000000000001110
00000000001100010000000000000100000000000011010100000000001001111111111111011110000000000000110000000000001010011111111111101010
00000000001110000000000000100001000000000100000000000000010000111111111111100101000000000101011100000000001100111111111111101111
00000000001010110000000000111100000000000011110100000000001101001111111111100000000000000101000100000000001000001111111111110001
00000000001011100000000000010111000000000011100000000000001111001111111111101010000000000110101000000000001011111111111111010111
00000000001100000000000000101101000000000011100100000000001111111111111111110010000000000101011100000000001100011111111111110111
00000000001000010000000000110111000000000011001000000000001011101111111111101110000000000011001100000000001001011111111111111011
00000000000111100000000000101100000000000010110000000000001010111111111111110010000000000010011000000000001001101111111111111000
00000000001000000000000000011100000000000010000100000000000100001111111111110000000000000001100000000000000100111111111111110101
00000000000111010000000000101111000000000010100100000000000100011111111111011110000000000001110000000000000000011111111111101111
00000000000110100000000001000011000000000011000000000000000111001111111111011101000000000001011100000000000010011111111111111011
00000000000000000000000000000000000000000000000000000000000000000000000000000000000000000000000000000000000000000000000000000000
00000000000000000000000000000000000000000000000000000000000000000000000000000000000000000000000000000000000000000000000000000000
00000000001011100000000000010001000000000010111100000000001101101111111111100111000000000010111000000000010000101111111111110001
00000000000101010000000000101001000000000010001100000000001001111111111111101001000000000010100000000000000111011111111111101010
00000000000110010000000000110011000000000010110100000000001011001111111111100110000000000000111100000000000111101111111111111100
00000000001100010000000000011001000000000011100000000000001111111111111111101011000000000100110000000000001101111111111111010101
00000000000110110000000000101010000000000010101000000000001001011111111111101010000000000010001000000000000111001111111111101111
00000000000011110000000000110101000000000001111000000000000101101111111111101101111111111111011100000000000011010000000000000110
00000000001001110000000000101001000000000011001000000000001000011111111111100000000000000000111000000000000110111111111111110010
00000000001010000000000001001110000000000100010100000000000111111111111111010100000000000100001000000000001010100000000000010011
00000000001010010000000001011111000000000100010000000000001000011111111111010100000000000100100000000000001001000000000000011000
00000000001011010000000000101101000000000100010100000000001101001111111111010100000000000110110100000000001111001111111111100000
00000000001100000000000001010110000000000100110000000000001111101111111111011010000000000110011100000000001110010000000000000011
00000000001000010000000001000101000000000011100000000000001010101111111111100011000000000011000100000000001000101111111111111000
00000000000111010000000000101001000000000010110000000000001001101111111111101100000000000001101000000000001001111111111111111000
00000000001010000000000000010101000000000011000000000000001101111111111111101110000000000100100000000000001010101111111111100001
00000000001001110000000000100011000000000010111100000000001101111111111111101101000000000101010100000000000110011111111111010111
00000000001000010000000000101101000000000011000100000000001000011111111111100110000000000010011000000000000010001111111111110001
00000000000000000000000000000000000000000000000000000000000000000000000000000000000000000000000000000000000000000000000000000000
00000000000000000000000000000000000000000000000000000000000000000000000000000000000000000000000000000000000000000000000000000000
00000000001010000000000000011101000000000010111000000000001100011111111111100110000000000010110000000000001101111111111111111011
00000000000011010000000000100011000000000001100000000000000110111111111111101010000000000011111000000000000100001111111111010110
00000000000010010000000000110000000000000010000000000000001010111111111111100111000000000101001100000000000011111111111111000011
00000000000101010000000000100010000000000010100000000000001101111111111111101001000000000110011000000000000110001111111110111110
00000000000011110000000000111001000000000010001100000000000110011111111111100101000000000001110100000000000010001111111111110001
00000000000100100000000001000001000000000010001100000000000100011111111111100100111111111111011000000000000001110000000000001110
00000000000111010000000000101111000000000010011100000000000101111111111111100111000000000000001100000000000101101111111111111011
00000000000111010000000001010101000000000011011100000000000011011111111111011001000000000001001100000000001000010000000000100001
00000000000111100000000001100101000000000011110000000000000111101111111111011001000000000101010000000000000111010000000000010000
00000000001001010000000001000011000000000100001000000000001011101111111111010001000000000110100100000000001011101111111111101010
00000000001001100000000001001000000000000100010100000000001101101111111111010111000000000111011000000000001101111111111111101110
00000000001000100000000001010001000000000011100100000000001000011111111111100010000000000010110000000000001001000000000000001100
00000000000110010000000000110101000000000010101000000000001001101111111111101101000000000010101100000000001010011111111111110110
00000000001010010000000000011110000000000011000000000000001110001111111111110000000000000011110100000000001101001111111111101000
00000000001100100000000000001111000000000011000100000000001110011111111111110010000000000100111100000000001001111111111111011011
00000000001001110000000000100000000000000011000100000000001000001111111111101000000000000001100100000000000101101111111111101111
00000000000000000000000000000000000000000000000000000000000000000000000000000000000000000000000000000000000000000000000000000000
00000000000000000000000000000000000000000000000000000000000000000000000000000000000000000000000000000000000000000000000000000000
00000000001011010000000000001111000000000010111000000000001100001111111111100110000000000100000000000000001111001111111111101100
00000000000011110000000000011100000000000001110000000000000101101111111111101000000000000100001000000000000111101111111111011111
00000000000000010000000000110100000000000001111000000000000011101111111111011111000000000011001100000000000011001111111111100101
00000000000001000000000000101101000000000001110100000000000001101111111111100011000000000011001100000000000011011111111111101010
00000000000001010000000000110101000000000001111000000000000010001111111111100010000000000001110000000000000010001111111111110110
00000000000010000000000000101001000000000001101000000000000000111111111111100010000000000000111100000000000000011111111111110000
00000000000111110000000000101110000000000010101000000000000111101111111111100101000000000010111000000000000100101111111111100110
00000000000111110000000000101010000000000010100000000000001000101111111111101111000000000001101100000000001000011111111111111011
00000000001011000000000001000001000000000011111100000000001001111111111111011111000000000010111000000000001110100000000000001111
00000000000101010000000000111110000000000010101100000000000101001111111111100111000000000011000000000000001000110000000000000001
00000000001010010000000000111111000000000100001000000000001000101111111111011001000000000100110100000000001100111111111111111100
00000000001011100000000001000001000000000011110100000000001100011111111111101001000000000100101000000000001100011111111111111101
00000000000101110000000000111110000000000010101000000000001010001111111111110000000000000011010100000000001000111111111111110010
00000000000111010000000000101100000000000010100100000000001011101111111111110100000000000010111000000000001001011111111111110000
00000000001101010000000000001000000000000010111100000000001101111111111111110101000000000100001000000000001010101111111111011111
00000000001011000000000000011011000000000011000000000000000111011111111111101010000000000000101100000000000110101111111111110100
00000000000000000000000000000000000000000000000000000000000000000000000000000000000000000000000000000000000000000000000000000000
00000000000000000000000000000000000000000000000000000000000000000000000000000000000000000000000000000000000000000000000000000000
00000000001100000000000000011000000000000011010100000000001100101111111111011111000000000010111000000000010000101111111111111000
00000000000110110000000000011010000000000010011000000000000110111111111111100011000000000000110000000000000111111111111111111000
00000000000110110000000000101100000000000010100100000000000101001111111111100010111111111111010000000000000110110000000000010100
00000000000011110000000000100011000000000001110000000000000000101111111111100010000000000000001100000000000110001111111111111111
00000000000010110000000000100000000000000001110000000000000001111111111111011101000000000001001100000000000110011111111111101111
00000000000010000000000000000110000000000001001100000000000001101111111111100111000000000001001000000000000011111111111111101010
00000000000111010000000000010000000000000010001100000000000111101111111111110100000000000100011000000000000101111111111111101100
00000000001000110000000000100100000000000010100100000000001000011111111111111000000000000100000000000000000111001111111111110010
00000000001000000000000001000001000000000011100100000000001001111111111111100100000000000011110100000000001010111111111111111111
00000000001000010000000000111001000000000011100000000000001010011111111111100001000000000011111100000000001100001111111111110100
00000000001000110000000000101001000000000011101100000000001010011111111111011010000000000101011000000000001011111111111111011001
00000000001001010000000000110011000000000011100000000000001111001111111111101001000000000110110000000000001101011111111111011001
00000000000011010000000000111101000000000010010000000000000111101111111111110010000000000010111000000000000110101111111111111000
00000000000111110000000000100110000000000010011000000000001000111111111111110011000000000011000100000000001010001111111111101111
00000000001100010000000000010100000000000011001000000000001100101111111111101110000000000100010000000000001000001111111111011101
00000000001010000000000000101010000000000011000000000000000110101111111111101001000000000000010100000000000101010000000000000010
00000000000000000000000000000000000000000000000000000000000000000000000000000000000000000000000000000000000000000000000000000000
00000000000000000000000000000000000000000000000000000000000000000000000000000000000000000000000000000000000000000000000000000000
00000000001010100000000000010101000000000010110000000000001100011111111111101000000000000010010000000000001110111111111111111001
00000000000111110000000000100100000000000010100100000000001000001111111111100101000000000001000000000000001000001111111111111111
00000000001010110000000000011000000000000011001100000000001001101111111111011111111111111111101100000000000111010000000000000000
00000000001010010000000000001101000000000011000000000000001000011111111111011100000000000010110000000000000101011111111111011000
00000000000000010000000000110001000000000001010100000000000011111111111111100101000000000010001100000000000000101111111111101001
00000000000001100000000000000010000000000000100000000000000011101111111111111000000000000001111000000000000010101111111111101010
00000000001100001111111111111100000000000011011000000000001100011111111111100010000000000101110000000000001001101111111111001010
00000000001001110000000000001110000000000011000000000000000110101111111111100100000000000010100100000000000101011111111111011010
00000000001001100000000001000010000000000011101100000000001001111111111111100010000000000010001100000000001001000000000000001110
00000000001000110000000001001010000000000011100100000000001101101111111111101000000000000011101100000000001010010000000000001001
00000000000011100000000000111111000000000010100000000000001001011111111111101000000000000100000000000000000110111111111111101101
00000000000100000000000000110011000000000010100000000000001011101111111111110000000000000100110000000000000111101111111111100111
00000000000101000000000000111110000000000010101100000000001011001111111111101110000000000011100000000000001001011111111111101111
00000000001000100000000000100100000000000011000000000000001010101111111111100111000000000100001000000000001011111111111111011001
00000000001110100000000000010101000000000011100100000000001101011111111111101010000000000101000000000000001100001111111111011010
00000000001001010000000000100110000000000010110000000000000100111111111111101010000000000000011000000000000100011111111111111111
00000000000000000000000000000000000000000000000000000000000000000000000000000000000000000000000000000000000000000000000000000000
00000000000000000000000000000000000000000000000000000000000000000000000000000000000000000000000000000000000000000000000000000000
00000000001011010000000000010011000000000010110100000000001011101111111111100110000000000010001100000000001111101111111111111010
00000000000101010000000000100001000000000010000000000000000110011111111111101001000000000000100100000000000101011111111111111100
00000000000111010000000000011011000000000010101000000000000100101111111111100000000000000000000000000000000011011111111111110100
00000000000100100000000000110100000000000010110100000000000110001111111111011111000000000011010100000000000010011111111111110011
11111111111101010000000000100100000000000000101100000000000010011111111111110110000000000011110111111111111101101111111111101101
00000000000011000000000000011000000000000001011011111111111110111111111111101110000000000010111000000000000010001111111111110000
00000000001010100000000000000100000000000011001000000000000010101111111111010101000000000010011100000000000100011111111111010010
00000000000101100000000000000111000000000001111100000000000001111111111111100000000000000001101100000000000010001111111111001111
00000000000100110000000000101010000000000010010100000000001001011111111111101011000000000010000000000000000110111111111111110101
00000000000011100000000000110101000000000010000100000000001011001111111111110011000000000011001100000000000110001111111111110010
00000000000010100000000000110110000000000010000000000000001000011111111111110001000000000010111000000000000110101111111111110101
00000000000010110000000000101101000000000001110000000000000111101111111111110110000000000001110000000000000011111111111111110000
00000000000101010000000000110011000000000010011100000000001001101111111111101100000000000001010100000000000100011111111111110000
00000000001000010000000000100101000000000010110000000000001010001111111111101010000000000010111000000000001000101111111111100100
00000000001010000000000000011011000000000011001000000000001110001111111111101101000000000101100100000000001000111111111111001101
00000000001000000000000000101011000000000010100100000000000111001111111111101111000000000000010100000000000100100000000000000010
00000000000000000000000000000000000000000000000000000000000000000000000000000000000000000000000000000000000000000000000000000000
00000000000000000000000000000000000000000000000000000000000000000000000000000000000000000000000000000000000000000000000000000000
00000000001100100000000000001110000000000011000100000000001011101111111111100010000000000010010100000000010000011111111111111010
00000000000101010000000000011110000000000010000100000000000110001111111111100110000000000010101100000000000101111111111111100011
00000000000011010000000000100111000000000001111000000000000101001111111111100110111111111111111100000000000011111111111111111011
11111111111111010000000000101110000000000001011100000000000011011111111111101010000000000001000100000000000001100000000000000011
00000000000000110000000000100001000000000001101000000000000000101111111111100101000000000000111000000000000001111111111111111101
00000000000100010000000000001110000000000001111111111111111110101111111111100011000000000001001011111111111111001111111111100101
00000000001000010000000000011011000000000010110000000000000100111111111111100010000000000010111100000000000010001111111111100111
00000000000110100000000000101100000000000010001100000000000011001111111111101000000000000010101000000000000001101111111111101101
00000000000101110000000000110101000000000010000000000000000011001111111111101101000000000010111000000000000001111111111111101101
00000000000011010000000000111100000000000001110100000000000011011111111111100111000000000010010100000000000010101111111111110010
00000000000011010000000000110111000000000001100000000000000101011111111111101110000000000001011100000000000100101111111111110011
00000000000011110000000000110000000000000001101000000000000110001111111111101010000000000000100000000000000011001111111111110011
00000000000101000000000000011100000000000001101000000000000101111111111111101101000000000001011000000000000010001111111111101001
00000000000101000000000000101101000000000010000100000000001010101111111111101111000000000101010000000000000011001111111111100001
00000000001000010000000000101001000000000011000000000000001010011111111111100101000000000100010100000000000010011111111111011010
00000000001000010000000000110011000000000010110000000000000110101111111111101001000000000000100000000000000010011111111111111101
00000000000000000000000000000000000000000000000000000000000000000000000000000000000000000000000000000000000000000000000000000000
00000000000000000000000000000000000000000000000000000000000000000000000000000000000000000000000000000000000000000000000000000000
00000000001010110000000000011011000000000011000000000000001011011111111111100001000000000010000000000000001101001111111111111101
00000000000011110000000000100111000000000010000100000000000111101111111111100101000000000010011100000000000100001111111111101001
00000000000000000000000000110011000000000001001100000000000100011111111111101111000000000000011100000000000001000000000000000010
11111111111111100000000000100111000000000001001100000000000011011111111111101100000000000001000000000000000000011111111111110110
00000000000010010000000000010100000000000001110000000000000010001111111111100001000000000000110100000000000010101111111111100101
00000000000001000000000000100000000000000001111100000000000010011111111111011110000000000001011000000000000000001111111111100111
11111111111111010000000000101000000000000001011100000000000001101111111111101010000000000010001000000000000000101111111111111010
00000000000011000000000000100010000000000001100011111111111101111111111111101001000000000001100000000000000000101111111111110111
00000000000101010000000000111001000000000010001111111111111110001111111111100001000000000001100000000000000011001111111111111100
00000000000011010000000001000001000000000001110100000000000000001111111111100101000000000010010000000000000010000000000000000010
00000000000010100000000000111010000000000001101000000000000001001111111111100110000000000010001100000000000010001111111111111011
00000000000010000000000000101110000000000001011000000000000001011111111111100111000000000010000100000000000001011111111111110000
00000000000001110000000000100100000000000000111100000000000000101111111111110010000000000010001000000000000000101111111111110000
00000000000001100000000000111110000000000001101100000000000010101111111111100110000000000010111111111111111111011111111111111000
00000000000011100000000000111100000000000010011000000000000101101111111111100000000000000100100111111111111111111111111111100101
00000000000110010000000000111011000000000011001000000000000100101111111111011001000000000010010100000000000000001111111111110010
00000000000000000000000000000000000000000000000000000000000000000000000000000000000000000000000000000000000000000000000000000000
00000000000000000000000000000000000000000000000000000000000000000000000000000000000000000000000000000000000000000000000000000000
00000000001001100000000000100000000000000010110000000000001011011111111111101001000000000100010000000000001011011111111111110001
00000000000011100000000000100100000000000001100000000000000011101111111111101001000000000010101000000000000011111111111111101101
00000000000001010000000000101100000000000001011000000000000101101111111111101011000000000001001000000000000011011111111111110110
00000000000001010000000000101001000000000001001100000000000101111111111111101111000000000001000100000000000010111111111111110001
00000000000100000000000000100110000000000001111100000000000110011111111111100101000000000000100100000000000011111111111111110011
00000000000100000000000000011111000000000001110100000000000110101111111111100100000000000000000000000000000101001111111111111000
00000000000010100000000000110000000000000001110100000000000011111111111111100101111111111111110100000000000011110000000000001001
00000000000100010000000000010011000000000001110000000000000011001111111111100000111111111111110000000000000100101111111111110100
00000000000011100000000000110000000000000010000100000000000011011111111111011101111111111111011000000000000100110000000000001010
00000000000100000000000000111100000000000010011000000000000010101111111111011010111111111111110000000000000101100000000000010110
00000000000010110000000001000011000000000010010100000000000001101111111111011001111111111111111000000000000100000000000000011000
00000000000011000000000001000000000000000010001100000000000001101111111111011101000000000000000000000000000100000000000000010010
00000000000010000000000001000110000000000010000100000000000010111111111111100000000000000001000000000000000011000000000000001001
00000000000010100000000001000001000000000001111100000000000011101111111111100010000000000001000000000000000100110000000000000010
00000000000001100000000000111010000000000001101000000000000011101111111111100011000000000010100000000000000010111111111111101101
11111111111110100000000000110010000000000001001100000000000100101111111111101001000000000010110011111111111110001111111111100010
00000000000000000000000000000000000000000000000000000000000000000000000000000000000000000000000000000000000000000000000000000000
00000000000000000000000000000000000000000000000000000000000000000000000000000000000000000000000000000000000000000000000000000000
00000000001011110000000000000110000000000010100100000000001100001111111111100110000000000001011100000000001101001111111111110101
00000000000111000000000000010110000000000010001100000000001001101111111111100000000000000100000000000000001010111111111111011011
00000000000111100000000000001001000000000001101100000000000111111111111111100110000000000010100000000000001010111111111111011100
00000000001001000000000000000000000000000001101000000000001000001111111111101010000000000010010000000000001011101111111111011100
00000000001000110000000000000100000000000001101000000000001000101111111111101011000000000010010000000000001011001111111111011100
00000000001001000000000000000011000000000001110000000000001000011111111111101000000000000010000100000000001100001111111111100000
00000000001000100000000000001001000000000001111000000000001001101111111111100110000000000010001100000000001100011111111111011110
00000000001001111111111111111111000000000001111000000000001001111111111111100111000000000010100000000000001101011111111111011001
00000000001001110000000000000010000000000010000000000000001010001111111111100101000000000010010100000000001101111111111111011101
00000000001001010000000000000000000000000001111100000000001010011111111111100110000000000010011000000000001101101111111111011100
00000000001000000000000000000101000000000001111100000000001010001111111111100011000000000010011000000000001101011111111111011011
00000000001000000000000000000111000000000001111000000000001001011111111111100101000000000010100000000000001100001111111111011110
00000000000111110000000000000101000000000001101000000000000111111111111111100111000000000010010000000000001011011111111111011011
00000000001000000000000000000011000000000001100000000000000111001111111111101010000000000010001000000000001010101111111111011101
00000000000111000000000000000011000000000001010000000000000101111111111111101100000000000010001100000000001001001111111111011010
00000000000110100000000000000001000000000001100000000000001000011111111111101010000000000011111000000000000111111111111111001111
00000000000000000000000000000000000000000000000000000000000000000000000000000000000000000000000000000000000000000000000000000000
00000000000000000000000000000000000000000000000000000000000000000000000000000000000000000000000000000000000000000000000000000000
00000000000111000000000000011111000000000010000000000000001000001111111111101110000000000001111100000000000111110000000000000000
00000000000100000000000000100101000000000001101100000000000011101111111111101001000000000001100100000000000010110000000000000010
00000000000100010000000000100011000000000001110000000000000011001111111111100111000000000001010100000000000010100000000000000010
00000000000100110000000000100000000000000001101100000000000010101111111111101001000000000000110000000000000010110000000000000111
00000000000100110000000000100100000000000001110100000000000010011111111111101000000000000001001100000000000010110000000000000111
00000000000100100000000000011100000000000001100100000000000010111111111111101010000000000001010000000000000010101111111111111101
00000000000101000000000000011101000000000001101000000000000010001111111111101011000000000001001000000000000010110000000000000010
00000000000100110000000000100000000000000001101100000000000010101111111111101001000000000000110000000000000010110000000000000111
00000000000100010000000000100011000000000001110000000000000011001111111111100111000000000001010100000000000010100000000000000010
00000000000101000000000000011101000000000001101000000000000010001111111111101011000000000001001000000000000010110000000000000010
00000000000101000000000000011101000000000001110100000000000010011111111111100110000000000001000000000000000011010000000000000000
00000000000101010000000000011001000000000001101000000000000001101111111111101010000000000001001000000000000011010000000000000010
00000000000101000000000000011101000000000001101000000000000010001111111111101011000000000001001000000000000010110000000000000010
00000000000101010000000000011110000000000001110100000000000001111111111111100111000000000000101100000000000011000000000000000110
00000000000100110000000000100101000000000001110100000000000010111111111111100110000000000001010000000000000010110000000000000011
00000000000101010000000000100001000000000001111000000000000100101111111111100101000000000001100000000000000011101111111111111101
00000000000000000000000000000000000000000000000000000000000000000000000000000000000000000000000000000000000000000000000000000000
00000000000000000000000000000000000000000000000000000000000000000000000000000000000000000000000000000000000000000000000000000000
00000000000000000000000000000000000000000000000000000000000000000000000000000000000000000000000000000000000000000000000000000000
00000000000000000000000000000000000000000000000000000000000000000000000000000000000000000000000000000000000000000000000000000000
00000000000000000000000000000000000000000000000000000000000000000000000000000000000000000000000000000000000000000000000000000000
00000000000000000000000000000000000000000000000000000000000000000000000000000000000000000000000000000000000000000000000000000000
00000000000000000000000000000000000000000000000000000000000000000000000000000000000000000000000000000000000000000000000000000000
00000000000000000000000000000000000000000000000000000000000000000000000000000000000000000000000000000000000000000000000000000000
00000000000000000000000000000000000000000000000000000000000000000000000000000000000000000000000000000000000000000000000000000000
00000000000000000000000000000000000000000000000000000000000000000000000000000000000000000000000000000000000000000000000000000000
00000000000000000000000000000000000000000000000000000000000000000000000000000000000000000000000000000000000000000000000000000000
00000000000000000000000000000000000000000000000000000000000000000000000000000000000000000000000000000000000000000000000000000000
00000000000000000000000000000000000000000000000000000000000000000000000000000000000000000000000000000000000000000000000000000000
00000000000000000000000000000000000000000000000000000000000000000000000000000000000000000000000000000000000000000000000000000000
00000000000000000000000000000000000000000000000000000000000000000000000000000000000000000000000000000000000000000000000000000000
00000000000000000000000000000000000000000000000000000000000000000000000000000000000000000000000000000000000000000000000000000000
00000000000000000000000000000000000000000000000000000000000000000000000000000000000000000000000000000000000000000000000000000000
00000000000000000000000000000000000000000000000000000000000000000000000000000000000000000000000000000000000000000000000000000000
00000000000000000000000000000000000000000000000000000000000000000000000000000000000000000000000000000000000000000000000000000000
