#time0row7[msb-lsb],time0row6[msb-lst],....,time0row0[msb-lst]#
#time1row7[msb-lsb],time1row6[msb-lst],....,time1row0[msb-lst]#
#................#
00000000000000000000000000000000
00000000000000000000000000000000
00000000000000000000000000000000
00000000000000000000000000000000
00000000000000000000000000000000
00000000000000000000000000000000
00000000000000000000000000000000
00000000000000000000000000000000
00000000000000000000000000000000
00000000000000000000000000000000
00000000000000000000000000000000
00000000000000000000000000000000
00000000000000000000000000000000
00000000000000000000000000000000
00000000000000000000000000000000
00000000000000000000000000000000
00000000000000000000000000000000
00000000000000000000000000000000
00000000000000000000000000000000
01000110011010110101000010010111
01010001100010100101000010001000
10000111101010010011001101100011
01110110101110000011001001010011
01110100101110000010000100010010
10000101100001010100011000110011
01110111100001000100010101000010
01100110011101010100011100110010
01010100010000100110011001010001
00110100001000000111010101100000
00000100000100001010010001110000
00010100000000001011010101010001
01100111011001001001010101010101
10001000101110010011010001010101
01110100110010100100000100110101
01100111101001000101010001000100
00000000000000000000000000000000
00000000000000000000000000000000
00000110010110100110000010000100
01010101011010010101010001100100
10100110011101110001001101000100
10000011101111000000001001100101
10100001110110100000010101000100
10110101100001010010100000100000
10110111011110000100101000100001
10010101100110100011110100110110
10010010100110000101100001100101
10010100100001010110011100110101
01100010011101100111100001000100
01100000011101011011100001001000
01100101100110001100100101001011
10100110101110110010010110011001
10100100110110110001010101000110
10100110100101110010011100110001
00000000000000000000000000000000
00000000000000000000000000000000
00011000010010100111000001100011
01000110010110000011000110000011
10011001010101010000000100100010
10100111101110110001001101110011
10100100101010010010011001000010
10110111011101010010011000100001
10111000100010010010011100110001
10000110100111000010100100110110
10010101101010010101010101011000
10100100101110000010101000110101
10000001100111000100011101000110
01110011100101111001011001001011
10000101100101111001011101111100
10000100101001110001011110111001
10100101100110000001011001100110
10110101100001110010100001000001
00000000000000000000000000000000
00000000000000000000000000000000
00110111010010100101000001010011
01110111010001100100001101100010
10101001011101110010001100110010
10000101101110110001001101010011
10110101101010000010010101010010
10110111011001010010010100100001
10000110011110100000011101010010
01000010011011110000010001001000
10100011011110110010001001100111
10010011100010110000010000110100
10000011011111000000000100000110
10100110100010010110011000111001
10100101101001100111010100110100
01110011011100000100010101000101
10000010010001010110110001010110
10100101011001000100100001110011
00000000000000000000000000000000
00000000000000000000000000000000
00100111010010100110000001010010
10000111010101100101001001010010
11001001011001110011010000110001
10100100101111000011010101100011
10110101101010010010011001000010
10110111010000110101010000100000
10000101011110100011101101010010
01110100100011110011010001001011
10010100100010110110010101011100
01110010101111010001010001101010
10010100101111010010000100101001
10110110101110000011001100110101
10110110101101110010001100110010
01110001011101010110010100100011
10000001001101011001100101011000
10110101010101011000100001010111
00000000000000000000000000000000
00000000000000000000000000000000
00110111010110100110000001100010
01110101010001010110001001110011
10111000011001100100010101010010
10110100110011000011010101110100
10100101100001100100010101010011
10100110010000100110010000110000
10110101011101110111100101010011
01011001101110000111010000111101
01011000100010001011001000111111
01000111110010110101010010011100
10001001110011000111000101011110
11000111101101110110010101010110
10100111101001100011010001000001
10000011100110110001010001010110
10100000011110110100010101101001
11000010100010000011101000111000
00000000000000000000000000000000
00000000000000000000000000000000
00110111010010010110000001010100
01000001001000111000000110010101
10010010010101000110001111000110
10010001011110000011010010111000
10010100010000110111010101100101
10010110001000101001010100110011
10100101011001001000011001000001
01101010100100111010001100100111
01010111100001101011000001001111
01000111100110011000001110011110
01011000110010100110000110001110
10101000101101101000001100110111
10010111101001010101000101010010
10010101101010100011001001010011
10010000100111010010010101000111
11000011101010000011101000110100
00000000000000000000000000000000
00000000000000000000000000000000
00010101010110100110000001100101
00010011010100110110000010000101
01000101010100000110001110010110
00110100011100000101001101110110
01010101010100000110010001100101
01010011001100000111011001100100
10010010011001101000011001100110
10010101100001100101001100110010
01111010110010000111001000110110
01100111101100110110000101000101
01101000111010000110010001011010
10100110110110100110001000111000
10110110101101010101000101010011
10110101101001110011001001000010
10010000100111010010010100110101
11000011101010000100101000100010
00000000000000000000000000000000
00000000000000000000000000000000
00101000010110100111000101100100
01010110010001010101010101010010
01101000010001000110010100100010
00100110010000001000001101010001
00010110001100001000001110000010
00000011001000010011010001100010
01000000100010000000001100101000
10010001110010000010001100010110
10011000110101110100001101000111
10001000110001110101001101100110
01110110110110000100011010011000
10010101110110100100000110001000
10100110101100110011000101000011
10000100101001100101000101000010
10100000100111000011011101000111
11000100100101110101100100010011
00000000000000000000000000000000
00000000000000000000000000000000
00110111010010010110000001010010
01100110010001100110010001000011
10010110010010010100101000110011
01110001010110010101101101110111
01000011000000001000001010000101
00000000000000100010000001000010
01010000100111010000100101111010
10100001101110000010110001010101
10101000101010000101010100100111
10101000100110010101000100111000
10000110100001000101000101110110
10010101101001100001000101100110
10110111101101010100000101100011
10010101110001110101010010000011
10010001101111010101011001010111
10110011100101100101100100010011
00000000000000000000000000000000
00000000000000000000000000000000
00100111010010010111000001010010
01100101001101000101010001000010
10010100011001010100101101000011
01110100011101010011011101011010
00100000001100000000000001001000
00010000011100010100001100110110
01100000100101110101111101110111
01100000011000110101101110000011
10000110011001010011001101010011
10010101011001010011000001010100
10000110100000110011000001010011
10110100100000110010001101000001
11010101011101010100011001010010
10100100100101110101010101100011
10110001101110110010011001110111
11000100100001100100011100010010
00000000000000000000000000000000
00000000000000000000000000000000
00010111010010100111000101010011
01010011010101000110010001110100
01110110001100100101010101010001
01000110001100000010001001000100
00110101010100000010010101000100
01100000100000100010110001000101
01110000011101110100101001001001
01110000011001001000011001000111
10000000011100111001010001000110
01100011010000011010001001100101
01110100001100011010000001100001
10000100000100101001001101100001
01110001001001000110010101010011
01100000001101110101000101101010
10110000011110010100100101101010
11010011011101100110100100100100
00000000000000000000000000000000
00000000000000000000000000000000
00110111001110010111001001010100
01100100001101000101010001110101
01100101000100000101000101000010
01010100001000000011001101010011
01010100010100010011100001110010
01100100010100010010100101110101
00110100010100000001001101000110
00110001011000000110010100110101
01010011100000001011010101000101
00110011010000001011000101000111
00110011001100001010000101010110
00110010001000001001001001100101
00110000001100000111000101000100
01000010001000011000001001011001
01100001010001000111010101111100
10100011011101010110101101011010
00000000000000000000000000000000
00000000000000000000000000000000
00110100010110010110000001010111
00100010001000101000000101100101
01010101000100010110000101100010
01100100000100010110000101100001
01110101001000110110010101100010
01010110000000110110010001100001
01010111001000010110001101000010
00110101000100100110011001100001
01001000000100011000010001010010
00111001001000011001001101000100
00111001001000001001001101000101
01001000001100001001001101000100
01010111001100001001001001010101
01010111001100001010000101100011
01000100001000001010000110000101
01100010000100000101001110000110
00000000000000000000000000000000
00000000000000000000000000000000
00100101000010100111001001010010
00000100000101101001000010100101
00000011000001011010000010010001
00000010000001101010000010000000
00010010000001101010000010000000
00000011000001101010000010000000
00010100000001101010000010010000
00000011000001111010000010010000
00000100000001111010000010010000
00000100000001111001000010010000
00000101000001101001000010100000
00000100000001101001000010010001
00000011000001011010000010010000
00000010000001011010000010000000
00000001000001001010000010000000
00000000000001100111000110010100
00000000000000000000000000000000
00000000000000000000000000000000
00110100001001100110000000110100
00100011000100110110001000110110
00100011000100110110001100110110
00100011000100110110001100100101
00100011001000110110001100100110
00100010000100110110001100110101
00100010001000110110001100100101
00100011000100110110001100100101
00100011000100110110001100110110
00100010001000110110001100100101
00100011001000110110010000110101
00010010001000110110001100100101
00100010001000110110001100100101
00100011001000110110010000100101
00100011000100110111001100110110
00100011000001000111001101000110
00000000000000000000000000000000
00000000000000000000000000000000
00000000000000000000000000000000
00000000000000000000000000000000
00000000000000000000000000000000
00000000000000000000000000000000
00000000000000000000000000000000
00000000000000000000000000000000
00000000000000000000000000000000
00000000000000000000000000000000
00000000000000000000000000000000
00000000000000000000000000000000
00000000000000000000000000000000
00000000000000000000000000000000
00000000000000000000000000000000
00000000000000000000000000000000
00000000000000000000000000000000
00000000000000000000000000000000
00000000000000000000000000000000
