#time0col7[msb-lsb],time0col6[msb-lst],....,time0col0[msb-lst]#
#time1col7[msb-lsb],time1col6[msb-lst],....,time1col0[msb-lst]#
#................#
00000000000000000000000000000000000000000000000000000000000000000000000000000000000000000000000000000000000000000000000000000000
00000000000000000000000000000000000000000000000000000000000000000000000000000000000000000000000000000000000000000000000000000000
00000000000000000000000000000000000000000000000000000000000000000000000000000000000000000000000000000000000000000000000000000000
00000000000000000000000000000000000000000000000000000000000000000000000000000000000000000000000000000000000000000000000000000000
00000000000000000000000000000000000000000000000000000000000000000000000000000000000000000000000000000000000000000000000000000000
00000000000000000000000000000000000000000000000000000000000000000000000000000000000000000000000000000000000000000000000000000000
00000000000000000000000000000000000000000000000000000000000000000000000000000000000000000000000000000000000000000000000000000000
00000000000000000000000000000000000000000000000000000000000000000000000000000000000000000000000000000000000000000000000000000000
00000000000000000000000000000000000000000000000000000000000000000000000000000000000000000000000000000000000000000000000000000000
00000000000000000000000000000000000000000000000000000000000000000000000000000000000000000000000000000000000000000000000000000000
00000000000000000000000000000000000000000000000000000000000000000000000000000000000000000000000000000000000000000000000000000000
00000000000000000000000000000000000000000000000000000000000000000000000000000000000000000000000000000000000000000000000000000000
00000000000000000000000000000000000000000000000000000000000000000000000000000000000000000000000000000000000000000000000000000000
00000000000000000000000000000000000000000000000000000000000000000000000000000000000000000000000000000000000000000000000000000000
00000000000000000000000000000000000000000000000000000000000000000000000000000000000000000000000000000000000000000000000000000000
00000000000000000000000000000000000000000000000000000000000000000000000000000000000000000000000000000000000000000000000000000000
00000000000000000000000000000000000000000000000000000000000000000000000000000000000000000000000000000000000000000000000000000000
00000000000000000000000000000000000000000000000000000000000000000000000000000000000000000000000000000000000000000000000000000000
00000000000000000000000000000000000000000000000000000000000000000000000000000000000000000000000000000000000000000000000000000000
11111111111000001111111111111101111111111101001111111111110011100000000000010110111111111110000111111111111010111111111110011100
11111111110111111111111111101011111111111101101011111111110010100000000000010110111111111110001111111111111001011111111110100111
11111111111000000000000000001011111111111101001111111111110111010000000000010101111111111101001111111111111110101111111110110011
11111111110111100000000000001001111111111101011011111111111000100000000000010110111111111100111111111111111110111111111111000000
11111111110111000000000000000100111111111110100111111111111011000000000000001010111111111101000011111111111011101111111111010110
11111111111100011111111111111100111111111100100011111111110111110000000000001000111111111110011000000000000001101111111111001010
11111111111100000000000000001001111111111100010011111111111001100000000000001110111111111110000000000000000100011111111111001110
11111111111101001111111111111010111111111100100111111111110111000000000000000100111111111110101000000000000010011111111111001011
11111111111110111111111111110110111111111100010111111111110110010000000000000001111111111111101000000000000101111111111111010110
11111111111111111111111111111000111111111100001111111111110110110000000000000000000000000000000100000000001000101111111111100000
11111111111111001111111111101101111111111011110011111111110100001111111111111001000000000000011000000000001001011111111111100011
00000000000000001111111111100110111111111011010111111111110011111111111111101111000000000000110100000000001000011111111111100101
11111111111100101111111111110110111111111010100111111111110101000000000000000100111111111110110100000000000100111111111111000101
11111111111000100000000000001001111111111100100011111111110111100000000000011000111111111100111111111111111110101111111110101111
11111111110101111111111111111001111111111101101111111111110111000000000000001110111111111100111011111111111010001111111111000000
11111111111010110000000000000101111111111011101111111111111001010000000000010100111111111101011100000000000100011111111111001110
00000000000000000000000000000000000000000000000000000000000000000000000000000000000000000000000000000000000000000000000000000000
00000000000000000000000000000000000000000000000000000000000000000000000000000000000000000000000000000000000000000000000000000000
11111111111000001111111111110110111111111101101111111111110011000000000000001010111111111110011011111111111100011111111110110001
11111111111010011111111111110011111111111101001111111111110011010000000000000110111111111110101111111111111101001111111110110001
11111111111011010000000000010010111111111101100011111111111011010000000000010100111111111101111111111111111110001111111110111010
11111111110110111111111111111111111111111110111111111111110110000000000000011011111111111101001011111111110111101111111110100101
11111111111000001111111111110101111111111110101011111111110101110000000000010110111111111101010011111111111001101111111110110100
11111111111101000000000000000100111111111101001111111111111001000000000000000011111111111110100000000000000001111111111111001110
11111111111100111111111111111001111111111100100011111111110100111111111111110111111111111110111011111111111111101111111110111010
11111111111101111111111111011111111111111100001011111111101111110000000000000010111111111110111111111111111100011111111110011110
11111111111011101111111111100100111111111100011111111111110000100000000000001001111111111110110111111111111110011111111110101100
11111111111100111111111111101111111111111011101011111111110101010000000000000100111111111110110000000000000001011111111111000100
11111111111100111111111111011011111111111100001111111111110000111111111111111011111111111111011100000000000000001111111111000010
11111111111101011111111111000101111111111010101011111111101101101111111111110111111111111111111100000000000000011111111111000000
11111111111011111111111111001010111111111001001111111111101100011111111111111100111111111111000011111111111111011111111110100111
11111111111001010000000000000001111111111100010011111111110011100000000000101000111111111101010011111111111100001111111110001000
11111111110111111111111111111010111111111101101011111111110101110000000000011000111111111100111111111111111001101111111110101000
11111111111011010000000000000101111111111101010011111111111000000000000000001000111111111110000000000000000000001111111111000010
00000000000000000000000000000000000000000000000000000000000000000000000000000000000000000000000000000000000000000000000000000000
00000000000000000000000000000000000000000000000000000000000000000000000000000000000000000000000000000000000000000000000000000000
11111111111000001111111111111100111111111101011011111111110100101111111111111111111111111110011111111111111100101111111110111001
11111111111010000000000000001001111111111101111011111111110111000000000000010100111111111110010111111111111110101111111110110011
11111111111100000000000000101001111111111101110000000000000001010000000000010010111111111101110000000000000000011111111111001111
11111111110111000000000000010010111111111101110111111111110111010000000000011100111111111100110111111111111100011111111110100100
11111111111001101111111111111100111111111101110111111111110101110000000000001010111111111101111011111111111100111111111110111000
11111111111100110000000000010001111111111100111111111111111011100000000000000111111111111110010000000000000001111111111111001100
11111111111010110000000000001011111111111101010011111111110111110000000000000100111111111110000011111111111110011111111110110110
11111111111011001111111111101100111111111101001011111111110010010000000000000110111111111110010011111111111001001111111110011101
11111111111001111111111111110011111111111011111011111111110100000000000000010010111111111101110111111111111100111111111110100111
11111111111100011111111111101110111111111100100111111111110100000000000000001101111111111110001011111111111110001111111110110000
11111111111001101111111111011001111111111101110011111111101111010000000000000000111111111110110011111111110111001111111110100100
11111111111011101111111111011000111111111010011111111111110000110000000000001000111111111110101111111111111110001111111110101111
11111111111100011111111111100001111111111001100011111111101111110000000000010100111111111110100100000000000000101111111110011011
11111111111101001111111111111100111111111011111111111111110011010000000000110011111111111101111100000000000001001111111110001110
11111111111011110000000000000011111111111100111011111111110110110000000000011100111111111101111111111111111110001111111110100101
11111111111100010000000000000001111111111101010011111111110110100000000000000111111111111110100000000000000000001111111110111011
00000000000000000000000000000000000000000000000000000000000000000000000000000000000000000000000000000000000000000000000000000000
00000000000000000000000000000000000000000000000000000000000000000000000000000000000000000000000000000000000000000000000000000000
11111111111000100000000000000001111111111110000011111111110110100000000000000001111111111110011111111111111011001111111110111010
11111111111100000000000000001101111111111101000011111111111000100000000000001010111111111110110000000000000001011111111110111110
11111111111010100000000000011100111111111101001011111111111100100000000000001101111111111101101011111111111111111111111111000010
11111111110111000000000000000100111111111110011111111111110110110000000000010100111111111101000111111111111010011111111110110000
11111111111001100000000000001000111111111101011111111111110111100000000000010001111111111101101011111111111110111111111110111000
11111111111100110000000000010100111111111101001011111111111100010000000000000110111111111110011000000000000001011111111111001101
11111111111011100000000000000010111111111110010011111111110101110000000000001100111111111110011011111111111100001111111110101001
11111111111001101111111111100010111111111111100111111111110001110000000000001000111111111110110011111111110000111111111110010100
11111111111001011111111111111101111111111110000011111111110101110000000000010011111111111110010011111111110111111111111110011111
11111111111001101111111111111011111111111111000011111111110111000000000000001010111111111110001011111111110111011111111110110000
11111111111000101111111111111011111111111111100011111111111001110000000000000100111111111110000011111111110011001111111110111000
11111111111011011111111111110000111111111011010111111111110100010000000000000111111111111110011011111111111100001111111110100111
11111111111001111111111111110111111111111011101011111111110110000000000000000100111111111101111100000000000001001111111111001000
11111111111111011111111111111110111111111011110011111111111010100000000000010110111111111110110000000000000110011111111111011000
00000000000001101111111111010111111111111011011011111111101111011111111111111101000000000000101000000000000001011111111110101110
11111111111110110000000000000000111111111011110111111111110101100000000000010000111111111111001000000000000100111111111110110110
00000000000000000000000000000000000000000000000000000000000000000000000000000000000000000000000000000000000000000000000000000000
00000000000000000000000000000000000000000000000000000000000000000000000000000000000000000000000000000000000000000000000000000000
11111111111000001111111111111101111111111110000011111111110101101111111111111100111111111110100011111111111011101111111110111111
11111111111010110000000000001110111111111100110111111111111001010000000000000111111111111110011100000000000001001111111111000101
11111111111011000000000000011011111111111100111011111111111011100000000000000101111111111110000100000000000000011111111111000001
11111111110111001111111111110111111111111101111011111111110010100000000000001100111111111101100111111111111010001111111110100101
11111111111001100000000000000010111111111101100111111111110110100000000000001011111111111101110011111111111101011111111110110110
11111111111101010000000000010011111111111100011111111111111100011111111111111100111111111110111100000000000100001111111111011011
11111111111100111111111111101001111111111101001111111111110000001111111111111110111111111111001111111111111101011111111110100101
11111111111000101111111111100100111111111101100111111111110001010000000000001011111111111110001111111111110010011111111110001011
11111111111010101111111111100100111111111011100111111111110001010000000000001110111111111110100011111111111000101111111110010011
11111111111000011111111111101001111111111101111111111111110010010000000000011101111111111101100111111111110101011111111110010001
11111111110110011111111111111000111111111110000011111111110111010000000000010001111111111101000011111111110100001111111110100111
11111111111000100000000000001010111111111100110011111111111001110000000000010011111111111101000111111111111101101111111110111100
11111111111000100000000000010010111111111101011011111111111011010000000000010010111111111101000011111111111111011111111111001000
11111111111011111111111111100110111111111101000111111111110101011111111111111010111111111111001011111111111111001111111111010110
00000000000000011111111111010001111111111010111011111111101110111111111111111000000000000000110100000000000000001111111110110001
11111111111110111111111111101110111111111010011011111111110011000000000000000010111111111111101000000000000010011111111110110000
00000000000000000000000000000000000000000000000000000000000000000000000000000000000000000000000000000000000000000000000000000000
00000000000000000000000000000000000000000000000000000000000000000000000000000000000000000000000000000000000000000000000000000000
11111111110111100000000000000000111111111101110111111111110101010000000000000001111111111110010011111111111100011111111110111011
11111111111011110000000000000100111111111100100111111111110111000000000000001010111111111111000000000000000010001111111111000001
11111111111100000000000000010010111111111100010011111111111001000000000000001010111111111110011000000000000010011111111110111011
11111111110110111111111111111001111111111101100011111111110010010000000000010011111111111101010111111111111010101111111110011110
11111111111011010000000000000011111111111100100111111111110111010000000000001101111111111110010000000000000001001111111110111110
11111111111101100000000000001101111111111100001111111111111011001111111111111101111111111111001000000000000101101111111111011110
11111111111100101111111111101110111111111011100011111111110001101111111111111100111111111111001100000000000001011111111110110011
11111111111010001111111111110011111111111001111111111111110110000000000000011001111111111101000111111111111110011111111110101001
11111111111010001111111111100111111111111001001111111111110100000000000000001100111111111101111111111111111101001111111110101001
11111111111000011111111111110000111111111011001111111111110001000000000000101001111111111100111111111111111100101111111110001010
11111111110110011111111111111011111111111010100011111111110101000000000000011110111111111100011111111111111001101111111110010010
11111111111001100000000000000100111111111011000011111111110110100000000000010011111111111101011000000000000001011111111110110010
11111111111001100000000000010010111111111100111011111111111010010000000000010000111111111101010100000000000010001111111111001001
11111111111001011111111111110110111111111110010011111111110101000000000000010011111111111101111111111111111000011111111110100101
11111111111010111111111111100000111111111101010111111111110000100000000000001011111111111111001011111111110111001111111110011000
11111111111110011111111111100100111111111100001111111111110010110000000000001000111111111111001111111111111011111111111110100101
00000000000000000000000000000000000000000000000000000000000000000000000000000000000000000000000000000000000000000000000000000000
00000000000000000000000000000000000000000000000000000000000000000000000000000000000000000000000000000000000000000000000000000000
11111111111001001111111111111111111111111101011011111111110110100000000000000010111111111110100011111111111100011111111110111100
11111111111101011111111111101111111111111100011011111111110100000000000000001011000000000000000000000000000010111111111111000100
11111111111101001111111111111101111111111011110011111111110011100000000000011111111111111111010000000000000100001111111110101000
11111111111011111111111111110100111111111100111011111111110010000000000000100011111111111110110111111111111101101111111110010100
11111111111110101111111111111001111111111011010111111111110110000000000000001000111111111111100100000000000100001111111111000001
11111111111111001111111111111100111111111010111111111111110111111111111111110101111111111111111100000000000101011111111111010101
11111111111100011111111111111001111111111011101011111111110101101111111111111001111111111111001000000000000100011111111111010000
11111111111010110000000000000010111111111001011111111111111001100000000000001001111111111101100000000000000110001111111111010100
11111111111010001111111111101110111111111001001111111111110110000000000000010100111111111101110111111111111111001111111110110010
11111111111010001111111111101100111111111010000011111111110001000000000000100011111111111101110011111111111110011111111110001110
11111111110111101111111111111011111111111010100111111111110100100000000000101101111111111100100011111111111100111111111110010001
11111111111000110000000000000011111111111010011111111111111000010000000000001110111111111101001000000000000001111111111111000010
11111111111000010000000000010101111111111100011011111111111011000000000000010100111111111101000100000000000011011111111111001111
11111111110111000000000000000101111111111101111011111111110111000000000000001111111111111101010111111111111011101111111110110110
11111111111000111111111111100000111111111110101011111111110001010000000000000111111111111110100011111111110100001111111110011111
11111111111100011111111111101100111111111100101011111111110011010000000000000101111111111110100111111111111101111111111110110010
00000000000000000000000000000000000000000000000000000000000000000000000000000000000000000000000000000000000000000000000000000000
00000000000000000000000000000000000000000000000000000000000000000000000000000000000000000000000000000000000000000000000000000000
11111111111000011111111111110001111111111101110011111111110011110000000000000101111111111110100011111111111010101111111110110110
11111111111011111111111111111001111111111100101111111111110111000000000000010111111111111110110000000000000011011111111111001100
11111111111111000000000000000100111111111010111111111111111000010000000000100001111111111110111000000000001001001111111111000110
11111111111110011111111111111111111111111011011111111111111001010000000000100001111111111110011100000000000111111111111111010001
11111111111111010000000000000001111111111011001011111111111001010000000000010101111111111111000000000000001000001111111111010010
00000000000000111111111111110001111111111011010111111111110110000000000000001000000000000000000100000000000111101111111111010010
11111111111100101111111111100100111111111011100111111111110001010000000000000010111111111111100000000000000000001111111110110101
11111111111001110000000000000011111111111100111111111111111000110000000000000100111111111110000100000000000000001111111111001111
11111111110110110000000000001000111111111011001011111111111000100000000000010000111111111100011100000000000000011111111111000000
11111111111001010000000000001100111111111011011011111111111011100000000000011010111111111100111000000000000101001111111111010111
11111111111000001111111111111001111111111010100111111111110101100000000000100001111111111100011000000000000000001111111110101100
11111111110110001111111111111011111111111011111011111111110110100000000000010001111111111100101011111111111011011111111110110011
11111111111000000000000000010100111111111100001111111111111011000000000000010111111111111100111100000000000010111111111111001100
11111111111000010000000000001111111111111101011111111111111010010000000000010000111111111101010111111111111111001111111111000111
11111111111000011111111111100001111111111111000111111111110001110000000000000000111111111110100011111111110100001111111110101001
11111111111011101111111111101010111111111100110111111111110011001111111111111011111111111110101011111111111110001111111110111101
00000000000000000000000000000000000000000000000000000000000000000000000000000000000000000000000000000000000000000000000000000000
00000000000000000000000000000000000000000000000000000000000000000000000000000000000000000000000000000000000000000000000000000000
11111111111000011111111111111010111111111100111111111111110100000000000000000010111111111110010111111111111100111111111110110100
11111111111101011111111111111101111111111100101111111111110110100000000000000011111111111111001100000000000010011111111111000110
11111111111101100000000000000011111111111100000011111111111001011111111111111011111111111111000000000000000011011111111111010100
11111111111101111111111111111111111111111011101011111111111000110000000000000100111111111111001000000000001001001111111111100111
11111111111110101111111111111111111111111011011011111111110111000000000000001101111111111111011000000000001010001111111111011000
00000000000000011111111111111001111111111101100011111111111000100000000000001110111111111111110100000000000101001111111111011000
11111111111011101111111111101001111111111110110011111111110111110000000000010011111111111110011011111111110111111111111110111110
11111111111000101111111111110010111111111101111111111111111000100000000000001111111111111101011011111111111001111111111111001000
11111111111000010000000000001100111111111011100011111111111001110000000000011111111111111100011000000000000000101111111110111001
11111111111000010000000000001010111111111011011111111111110111110000000000011110111111111100101100000000000001111111111110110101
11111111111001101111111111111001111111111011010111111111110010110000000000101001111111111101000000000000000001011111111110011100
11111111110110000000000000000011111111111100011111111111110101100000000000100110111111111100100011111111111100101111111110100001
11111111111001100000000000011011111111111100011111111111111110010000000000011110111111111100110100000000000100011111111111010111
11111111110111110000000000000100111111111101010011111111111001000000000000001100111111111101011100000000000000001111111111010011
11111111111010001111111111011011111111111101111011111111110000000000000000000100111111111110110111111111110110001111111110011111
11111111111100001111111111101110111111111100010011111111110100111111111111111001111111111110101111111111111110111111111111000011
00000000000000000000000000000000000000000000000000000000000000000000000000000000000000000000000000000000000000000000000000000000
00000000000000000000000000000000000000000000000000000000000000000000000000000000000000000000000000000000000000000000000000000000
11111111111000100000000000000001111111111101110011111111110110101111111111111110111111111110100011111111111100111111111111000010
11111111111100011111111111111011111111111100100111111111110110101111111111111110111111111111001000000000000000011111111111000101
11111111111110011111111111101110111111111100110011111111110010101111111111110101111111111111110011111111111101001111111110101100
11111111111111001111111111010000111111111100011011111111101100000000000000000010000000000000010111111111111100011111111110010111
00000000000000011111111111111001111111111011100011111111110111000000000000001011000000000000011000000000000110111111111111001110
11111111111111001111111111111000111111111111010011111111111011000000000000000110000000000000001011111111111111101111111111100100
11111111111100001111111111010010111111111110001011111111101101010000000000011000111111111110111011111111110101011111111110000100
11111111111101011111111111011110111111111100110011111111110000000000000000001110111111111110110011111111111110001111111110100111
11111111111010000000000000000001111111111011011111111111111000000000000000001100111111111101011111111111111110011111111110110110
11111111111000010000000000001011111111111011111111111111111001110000000000010001111111111101001111111111111100001111111110110010
11111111111010110000000000001111111111111011101111111111111010000000000000011111111111111101101100000000000011101111111110111111
11111111111001110000000000010100111111111101001011111111111011110000000000100111111111111101000111111111111111101111111110111001
11111111111000010000000000011100111111111100001111111111111011110000000000011110111111111100110000000000000011101111111111000110
11111111111000000000000000000010111111111100010011111111110100110000000000011010111111111101001100000000000010011111111110110110
11111111110111101111111111011001111111111101011011111111101110010000000000000101111111111110001111111111110110101111111110011101
11111111111100101111111111101010111111111100010111111111110100111111111111111010111111111110110111111111111111101111111111001001
00000000000000000000000000000000000000000000000000000000000000000000000000000000000000000000000000000000000000000000000000000000
00000000000000000000000000000000000000000000000000000000000000000000000000000000000000000000000000000000000000000000000000000000
11111111111000011111111111111100111111111101100111111111110101101111111111111011111111111110100111111111111101001111111111000100
11111111111101111111111111111111111111111100111011111111111000010000000000000000111111111111011100000000000010001111111111001111
11111111111111111111111111101100111111111100000111111111110011010000000000000001111111111111101000000000000010011111111110111010
11111111111111011111111111110001111111111011100011111111110110000000000000011011111111111110110100000000000000001111111110101011
00000000000000100000000000000000111111111101111111111111111110100000000000100010111111111111010000000000000000111111111111011001
11111111111110001111111111101000111111111101000011111111111000110000000000010010111111111110111000000000000010011111111111100010
00000000000000001111111111000010111111111011100011111111101001110000000000001001111111111111111100000000000000011111111110011101
00000000000000101111111111011011111111111100001011111111101111010000000000001010000000000000001100000000000101001111111110111010
11111111111100000000000000001110111111111100111111111111111010010000000000010001111111111110010100000000000001101111111111000100
11111111111010110000000000010100111111111101010011111111111100010000000000010101111111111110000100000000000000001111111111000111
11111111111010100000000000011011111111111100110111111111111110000000000000011100111111111101011100000000000011111111111111010100
11111111111011110000000000010100111111111101010111111111111100110000000000010011111111111110000000000000000011011111111111010110
11111111111100100000000000001001111111111100010111111111111000000000000000001010111111111110101000000000000010101111111110111111
11111111111010001111111111111011111111111100100111111111110100110000000000001100111111111110001100000000000000011111111110111001
11111111111001011111111111101100111111111101100011111111110001100000000000011000111111111110000011111111111001011111111110011000
11111111111100001111111111111010111111111100110111111111110111111111111111111100111111111110101011111111111111011111111111001100
00000000000000000000000000000000000000000000000000000000000000000000000000000000000000000000000000000000000000000000000000000000
00000000000000000000000000000000000000000000000000000000000000000000000000000000000000000000000000000000000000000000000000000000
11111111111000101111111111110100111111111101100011111111110011111111111111111010111111111110101111111111111011111111111110111100
11111111111101001111111111110011111111111100011011111111110100110000000000001100111111111111010000000000000010111111111111000011
11111111111111000000000000001000111111111100010011111111111001010000000000000101111111111111011100000000000110001111111111010010
00000000000000000000000000010100111111111100101111111111111111000000000000011000111111111110111000000000000101111111111111011011
00000000000000100000000000000101111111111100011111111111111100000000000000011000111111111110111000000000000110101111111111011001
00000000000001111111111111011101111111111100010111111111110011100000000000010000111111111111101000000000000011111111111111000101
11111111111111011111111111010001111111111100010011111111110000000000000000001000111111111111110011111111111100011111111110101001
11111111111101111111111111011001111111111011101011111111110010010000000000000000111111111111110000000000000000011111111111000110
11111111111100011111111111100001111111111011100011111111110100000000000000000001111111111111010100000000000001111111111111010010
11111111111101011111111111110011111111111010111111111111110110010000000000000101111111111111100000000000000110001111111111010110
11111111111011110000000000000011111111111011110011111111111000101111111111111110111111111111011000000000000110111111111111100011
11111111111110001111111111111101111111111011111011111111110110101111111111111000000000000000001100000000000101101111111111010101
11111111111110111111111111101011111111111101000011111111110100101111111111111011000000000000011000000000000000101111111111001001
11111111111100111111111111101000111111111101001011111111110100110000000000001110111111111111101111111111111010001111111110101110
11111111111110001111111111011001111111111100001111111111101111010000000000001101111111111111101011111111111010011111111110010100
11111111111101101111111111101011111111111011110111111111110100001111111111111000111111111111011011111111111111101111111110111111
00000000000000000000000000000000000000000000000000000000000000000000000000000000000000000000000000000000000000000000000000000000
00000000000000000000000000000000000000000000000000000000000000000000000000000000000000000000000000000000000000000000000000000000
11111111111010011111111111110110111111111100111111111111110100011111111111111011111111111111000111111111111100111111111110111000
11111111111110101111111111111011111111111100010111111111110110010000000000001110111111111111100100000000000010011111111110111011
11111111111111010000000000010000111111111100101011111111111101100000000000000111111111111111100100000000000101111111111111100011
00000000000000100000000000001010111111111100110111111111111100010000000000010001111111111111100100000000000101111111111111011001
00000000000000111111111111111100111111111100010011111111110110110000000000010100111111111111011100000000000111111111111111001001
00000000000010011111111111111011111111111011110011111111110111000000000000011100111111111111100000000000000111001111111110111100
00000000000000010000000000001000111111111100110011111111111101110000000000100000111111111110101100000000000100111111111111010111
11111111111111011111111111100111111111111100000011111111110111100000000000001001111111111111011000000000000101001111111111100011
11111111111101001111111111100101111111111010000111111111110100110000000000000011111111111110111100000000001000011111111111100010
11111111111101101111111111101011111111111010100111111111110111010000000000000011111111111111011100000000000101111111111111100010
11111111111110001111111111110000111111111011000011111111110111100000000000000101111111111111101000000000000110001111111111011111
11111111111111001111111111101110111111111011100011111111110110100000000000000101000000000000000100000000000110001111111111011011
11111111111110011111111111101110111111111100110011111111111000110000000000000100111111111111110100000000000011111111111111101001
11111111111111111111111111101100111111111011001111111111110111010000000000001011000000000000000000000000000011001111111111001101
11111111111111111111111111011111111111111010111011111111110010100000000000010100111111111111111100000000000000001111111110101010
00000000000000101111111111011110111111111010010011111111110001000000000000001101111111111111101000000000000001011111111110100100
00000000000000000000000000000000000000000000000000000000000000000000000000000000000000000000000000000000000000000000000000000000
00000000000000000000000000000000000000000000000000000000000000000000000000000000000000000000000000000000000000000000000000000000
11111111111001011111111111110000111111111101010111111111110101000000000000000111111111111110101011111111111010011111111110110111
11111111111101111111111111101110111111111100010111111111110110010000000000000101111111111111111000000000000011001111111111010101
11111111111110100000000000001011111111111100100011111111111010110000000000001000111111111111101000000000000101111111111111011001
11111111111110010000000000001010111111111100110111111111111010100000000000000101111111111111110000000000000101101111111111011100
11111111111111001111111111111111111111111100001111111111110110110000000000000010111111111111111000000000000100101111111111001000
11111111111111010000000000000011111111111100100111111111110111101111111111111110000000000000001000000000000100101111111111001100
11111111111111000000000000001011111111111011111111111111111011010000000000000100111111111111011000000000000110101111111111011100
00000000000000011111111111110111111111111100011011111111110101111111111111111111000000000000010000000000000110001111111111010000
11111111111111100000000000000101111111111011001111111111111000111111111111111111111111111111110000000000001000001111111111010111
11111111111110110000000000000100111111111010100111111111111001100000000000000001111111111111010100000000000111111111111111011001
11111111111111100000000000000101111111111010001111111111111010010000000000000101111111111111010100000000001000111111111111011010
11111111111110110000000000000100111111111010011111111111111010000000000000000100111111111111001100000000001000111111111111011110
11111111111110100000000000000101111111111010011111111111111010000000000000001001111111111111001100000000001000011111111111011001
11111111111101010000000000001000111111111010101011111111111001100000000000000110111111111111001000000000001001011111111111011110
11111111111110011111111111111010111111111010110111111111110110110000000000001011111111111111110000000000001000001111111111010011
00000000000001011111111111111110111111111011111111111111111000100000000000010110000000000000001100000000000101111111111111000110
00000000000000000000000000000000000000000000000000000000000000000000000000000000000000000000000000000000000000000000000000000000
00000000000000000000000000000000000000000000000000000000000000000000000000000000000000000000000000000000000000000000000000000000
11111111111010111111111111101100111111111110001011111111110010011111111111101101000000000000000111111111111010011111111110111010
11111111111011101111111111101110111111111100100011111111110001110000000000000111111111111111110100000000000000111111111110110111
11111111111011011111111111101100111111111101001011111111110001111111111111111000000000000000010000000000000010001111111111001100
11111111111010101111111111100110111111111101110011111111110001001111111111110000000000000000011000000000000000001111111111010000
11111111111010101111111111101000111111111101101111111111110001011111111111110000000000000000011000000000000000001111111111001111
11111111111010101111111111101010111111111101100111111111110001101111111111110001000000000000010000000000000000101111111111001111
11111111111010101111111111110001111111111101010011111111110001111111111111110101000000000000001000000000000001101111111111001001
11111111111010001111111111101001111111111101101111111111110000011111111111110010000000000000010011111111111111111111111111000111
11111111111010001111111111101101111111111101100011111111110000111111111111110011000000000000001000000000000000011111111111000110
11111111111010011111111111110000111111111101110011111111110001101111111111110110000000000000000100000000000000001111111111000101
11111111111010111111111111110111111111111101010111111111110010011111111111111100111111111111111100000000000010011111111111000100
11111111111011001111111111110001111111111101011011111111110010011111111111111010000000000000000100000000000001001111111111000110
11111111111011001111111111101101111111111101010111111111110001111111111111110110000000000000010000000000000010011111111111001111
11111111111011001111111111101000111111111101100111111111110001111111111111110010000000000000011000000000000001011111111111010100
11111111111011101111111111100110111111111101100111111111110010001111111111110011000000000000100000000000000010001111111111011001
11111111111100111111111111100001111111111101111111111111110001000000000000000001000000000000100111111111111110001111111110111101
00000000000000000000000000000000000000000000000000000000000000000000000000000000000000000000000000000000000000000000000000000000
00000000000000000000000000000000000000000000000000000000000000000000000000000000000000000000000000000000000000000000000000000000
11111111111011101111111111110111111111111101101011111111111000011111111111111011111111111111011011111111111101001111111111010001
11111111111111001111111111101111111111111100110011111111111000010000000000000000000000000000000000000000000000001111111111010100
11111111111111101111111111101100111111111100101011111111110111101111111111111111000000000000001000000000000000011111111111010010
11111111111111011111111111101100111111111100111011111111111000001111111111111010000000000000001000000000000000001111111111011001
11111111111111001111111111101011111111111100101011111111111000001111111111111110111111111111111000000000000000001111111111010111
11111111111111011111111111101001111111111101000011111111110111001111111111111100000000000000010000000000000000001111111111010110
11111111111110111111111111101000111111111101000011111111110111101111111111111011000000000000000011111111111111111111111111011011
11111111111111011111111111101100111111111100111011111111111000001111111111111010000000000000001000000000000000001111111111011001
11111111111111101111111111101100111111111100101011111111110111101111111111111111000000000000001000000000000000011111111111010010
11111111111110111111111111101000111111111101000011111111110111101111111111111011000000000000000011111111111111111111111111011011
11111111111111011111111111101010111111111100101011111111110110111111111111111110000000000000000000000000000001001111111111010100
11111111111110111111111111100110111111111101000111111111110111011111111111111011000000000000000011111111111111111111111111011100
11111111111110111111111111101000111111111101000011111111110111101111111111111011000000000000000011111111111111111111111111011011
11111111111111011111111111101001111111111100101111111111110111011111111111111011000000000000000000000000000000101111111111011000
11111111111111011111111111101001111111111100011011111111110110111111111111111100000000000000001100000000000000101111111111010011
11111111111111011111111111101000111111111100100111111111110101101111111111111011000000000000011111111111111111101111111111001010
00000000000000000000000000000000000000000000000000000000000000000000000000000000000000000000000000000000000000000000000000000000
00000000000000000000000000000000000000000000000000000000000000000000000000000000000000000000000000000000000000000000000000000000
00000000000000000000000000000000000000000000000000000000000000000000000000000000000000000000000000000000000000000000000000000000
00000000000000000000000000000000000000000000000000000000000000000000000000000000000000000000000000000000000000000000000000000000
00000000000000000000000000000000000000000000000000000000000000000000000000000000000000000000000000000000000000000000000000000000
00000000000000000000000000000000000000000000000000000000000000000000000000000000000000000000000000000000000000000000000000000000
00000000000000000000000000000000000000000000000000000000000000000000000000000000000000000000000000000000000000000000000000000000
00000000000000000000000000000000000000000000000000000000000000000000000000000000000000000000000000000000000000000000000000000000
00000000000000000000000000000000000000000000000000000000000000000000000000000000000000000000000000000000000000000000000000000000
00000000000000000000000000000000000000000000000000000000000000000000000000000000000000000000000000000000000000000000000000000000
00000000000000000000000000000000000000000000000000000000000000000000000000000000000000000000000000000000000000000000000000000000
00000000000000000000000000000000000000000000000000000000000000000000000000000000000000000000000000000000000000000000000000000000
00000000000000000000000000000000000000000000000000000000000000000000000000000000000000000000000000000000000000000000000000000000
00000000000000000000000000000000000000000000000000000000000000000000000000000000000000000000000000000000000000000000000000000000
00000000000000000000000000000000000000000000000000000000000000000000000000000000000000000000000000000000000000000000000000000000
00000000000000000000000000000000000000000000000000000000000000000000000000000000000000000000000000000000000000000000000000000000
00000000000000000000000000000000000000000000000000000000000000000000000000000000000000000000000000000000000000000000000000000000
00000000000000000000000000000000000000000000000000000000000000000000000000000000000000000000000000000000000000000000000000000000
00000000000000000000000000000000000000000000000000000000000000000000000000000000000000000000000000000000000000000000000000000000
