#time0col7[msb-lsb],time0col6[msb-lst],....,time0col0[msb-lst]#
#time1col7[msb-lsb],time1col6[msb-lst],....,time1col0[msb-lst]#
#................#
00000000000000000000000000000000000000000000000000000000000000000000000000000000000000000000000000000000000000000000000000000000
00000000000000000000000000000000000000000000000000000000000000000000000000000000000000000000000000000000000000000000000000000000
00000000000000000000000000000000000000000000000000000000000000000000000000000000000000000000000000000000000000000000000000000000
00000000000000000000000000000000000000000000000000000000000000000000000000000000000000000000000000000000000000000000000000000000
00000000000000000000000000000000000000000000000000000000000000000000000000000000000000000000000000000000000000000000000000000000
00000000000000000000000000000000000000000000000000000000000000000000000000000000000000000000000000000000000000000000000000000000
00000000000000000000000000000000000000000000000000000000000000000000000000000000000000000000000000000000000000000000000000000000
00000000000000000000000000000000000000000000000000000000000000000000000000000000000000000000000000000000000000000000000000000000
00000000000000000000000000000000000000000000000000000000000000000000000000000000000000000000000000000000000000000000000000000000
00000000000000000000000000000000000000000000000000000000000000000000000000000000000000000000000000000000000000000000000000000000
00000000000000000000000000000000000000000000000000000000000000000000000000000000000000000000000000000000000000000000000000000000
00000000000000000000000000000000000000000000000000000000000000000000000000000000000000000000000000000000000000000000000000000000
00000000000000000000000000000000000000000000000000000000000000000000000000000000000000000000000000000000000000000000000000000000
00000000000000000000000000000000000000000000000000000000000000000000000000000000000000000000000000000000000000000000000000000000
00000000000000000000000000000000000000000000000000000000000000000000000000000000000000000000000000000000000000000000000000000000
00000000000000000000000000000000000000000000000000000000000000000000000000000000000000000000000000000000000000000000000000000000
00000000000000000000000000000000000000000000000000000000000000000000000000000000000000000000000000000000000000000000000000000000
00000000000000000000000000000000000000000000000000000000000000000000000000000000000000000000000000000000000000000000000000000000
00000000000000000000000000000000000000000000000000000000000000000000000000000000000000000000000000000000000000000000000000000000
00000000001000110000000000011111111111111111110111111111111010011111111110111100000000000001000111111111111100100000000000011011
00000000001001110000000000011111111111111111101011111111110101101111111110111100000000000000101011111111111101110000000000011011
00000000000010000000000000001001000000000000000000000000000000001111111111011011000000000000100011111111111010010000000000111101
00000000000000110000000000000111000000000000000011111111111111101111111111100010000000000000011011111111111011010000000000111010
11111111111110110000000000000110111111111111101111111111111101001111111111110000111111111111110111111111111101100000000000111001
00000000000000010000000000001001000000000000000000000000000000011111111111100110000000000000001111111111111010000000000000101011
11111111111110100000000000000010000000000000010100000000000100001111111111101010000000000000011111111111111001000000000000101100
11111111111110110000000000001001111111111111111000000000000000011111111111101100000000000000101011111111111001010000000000100101
11111111111110000000000000000000000000000000010000000000000000011111111111100001000000000001001011111111110101110000000000010010
11111111111100101111111111111010000000000000100000000000000001101111111111100000000000000001100111111111110100000000000000000100
11111111111010101111111111111100000000000000011111111111111110011111111111010111000000000010011011111111110001101111111111110000
11111111111010110000000000000011000000000000010111111111111101011111111111010101000000000010000111111111110010001111111111101001
11111111111111110000000000010000000000000000010100000000000000001111111111010000000000000000111111111111110110110000000000001111
00000000000011010000000000010010111111111111111100000000000000111111111111011110000000000000001111111111111100100000000000111100
00000000000010000000000000010011111111111111100111111111111001101111111111011100000000000000000111111111111101100000000000110100
11111111111111000000000000001000000000000000010100000000000011001111111111101000000000000000011011111111111010100000000000101000
00000000000000000000000000000000000000000000000000000000000000000000000000000000000000000000000000000000000000000000000000000000
00000000000000000000000000000000000000000000000000000000000000000000000000000000000000000000000000000000000000000000000000000000
00000000000011000000000000010111111111111111101011111111111000101111111111001010000000000001111011111111111010000000000000001101
00000000000011100000000000010101111111111111101011111111111010011111111111010000000000000001000111111111111001110000000000011110
00000000000101100000000000001100000000000000001100000000000011011111111111011110111111111111100011111111111101110000000000111001
00000000001000000000000000010101111111111111011111111111111001111111111111010111000000000000000011111111111111100000000001000100
00000000000101010000000000001110111111111111011011111111111001101111111111100100111111111111101111111111111110010000000001001100
11111111111110011111111111111101000000000000000000000000000010101111111111110001111111111111111111111111111000010000000000111111
11111111111110110000000000001010111111111111101011111111111111011111111111100101000000000000011011111111110110110000000000111001
00000000000101110000000000100100111111111111000011111111111001101111111111100000000000000000010111111111111100000000000000110011
00000000000100110000000000010100111111111111100111111111111000111111111111001111000000000000101011111111111000110000000000101101
00000000000001110000000000010001111111111111111111111111111101111111111111011010000000000000001011111111111001100000000000100011
00000000000000110000000000010011111111111111100011111111110111111111111111010111000000000001000011111111110111100000000000010110
00000000000011000000000000100001111111111111100011111111110011101111111111000011000000000000111111111111110111101111111111111111
00000000000100100000000000110010111111111111011011111111110101001111111110111110000000000000111111111111111001010000000000000100
00000000001100100000000000100001111111111111111011111111111110011111111111000100000000000000000011111111111110110000000001000001
00000000000110100000000000011000111111111111011111111111111011011111111111011110111111111111101011111111111111010000000001001001
11111111111111100000000000000011111111111111111000000000000001011111111111101100000000000000001011111111111001010000000001000001
00000000000000000000000000000000000000000000000000000000000000000000000000000000000000000000000000000000000000000000000000000000
00000000000000000000000000000000000000000000000000000000000000000000000000000000000000000000000000000000000000000000000000000000
00000000000000010000000000010101111111111111101111111111111010011111111111001101000000000001110011111111111000110000000000001100
00000000000100100000000000001100000000000000000111111111111111001111111111010010000000000001000111111111111010110000000000100010
00000000000010010000000000000011000000000000100100000000001001111111111111101110111111111111010011111111111110100000000000110110
00000000000100100000000000001001111111111111111100000000000000011111111111011000000000000000010011111111111011010000000001001111
00000000000001110000000000001000111111111111101011111111111100111111111111100010000000000000001111111111111010000000000001000011
11111111111111100000000000000000000000000000010000000000000101101111111111101101111111111111101111111111111001110000000000111100
00000000000000010000000000000111111111111111110100000000000001111111111111100110000000000000001011111111111001000000000001000101
00000000000110100000000000100101111111111111000011111111111001101111111111011110000000000000001111111111111110010000000000110110
00000000000111000000000000011111111111111111110011111111111011111111111111001100000000000000000011111111111101000000000000101101
00000000000100010000000000010110111111111111011111111111111100111111111111100111111111111111111011111111111100100000000000111110
00000000000110110000000000100010111111111110111011111111110010101111111111001110000000000000011111111111111100010000000000101100
00000000000111010000000000101100111111111111101011111111110111011111111111000010000000000000001111111111111100110000000000001101
00000000001001110000000000101101111111111111111111111111111010111111111110111000000000000000011011111111111011110000000000010011
00000000001101110000000000011100000000000000001000000000000000101111111111001011000000000000010011111111111110110000000000110111
00000000001000100000000000010101111111111111111100000000000000101111111111011000111111111111110011111111111110000000000000111101
00000000000001000000000000000011111111111111111000000000000000101111111111100101000000000000001111111111111000010000000001000001
00000000000000000000000000000000000000000000000000000000000000000000000000000000000000000000000000000000000000000000000000000000
00000000000000000000000000000000000000000000000000000000000000000000000000000000000000000000000000000000000000000000000000000000
00000000000010000000000000010100111111111111101111111111111011011111111111010001000000000001001011111111111010110000000000010110
00000000000010000000000000000110000000000000010100000000000010101111111111010110000000000000101111111111111000100000000000100100
00000000000001000000000000000101000000000000010100000000000110001111111111100101111111111111110011111111111011010000000000111100
00000000000011100000000000001101111111111111100111111111111100011111111111100000000000000000010011111111111100110000000001000101
00000000000010000000000000000011000000000000000000000000000000011111111111011111000000000000000111111111111001100000000001000111
00000000000000000000000000000000000000000000010100000000000101111111111111101010111111111111101011111111111010000000000000111001
00000000000100100000000000001111111111111111100011111111111110101111111111100100000000000000011111111111111011110000000000111110
00000000001101010000000000110100111111111110100011111111110001111111111111010000000000000000001100000000000100000000000000100011
00000000001011010000000000011101111111111111101111111111111010101111111111000011111111111111101111111111111111000000000000110011
00000000000110110000000000010110111111111111010111111111111010011111111111011110111111111111101111111111111111010000000000111100
00000000001000010000000000100010111111111111001011111111111000101111111111011110111111111111000100000000000011110000000000110000
00000000000111100000000000100111111111111111101111111111111100001111111111001001111111111111101111111111111101100000000000100100
11111111111111000000000000001010000000000000000111111111111110001111111111011000000000000000001111111111110111110000000000101101
00000000000010110000000000000111000000000000100100000000000100001111111111100110111111111111110111111111111100000000000000011011
00000000000110010000000000011101111111111111100111111111111010001111111111001111000000000000101111111111111000100000000000010010
00000000000011100000000000000101000000000000011000000000000011001111111111010110000000000000100011111111110111000000000000101110
00000000000000000000000000000000000000000000000000000000000000000000000000000000000000000000000000000000000000000000000000000000
00000000000000000000000000000000000000000000000000000000000000000000000000000000000000000000000000000000000000000000000000000000
11111111111111110000000000010001111111111111101011111111111010001111111111010010000000000001100011111111111001000000000000010010
00000000000000100000000000000100000000000000011000000000000010011111111111010101000000000000100011111111111000000000000000100110
00000000000000000000000000000001000000000000011000000000000110001111111111011111111111111111110111111111111000100000000000111110
00000000000011100000000000001110111111111111011111111111111001001111111111010010000000000000100111111111111001010000000001000110
00000000000001110000000000000111111111111111110011111111111110101111111111100001000000000000000111111111111001110000000001000111
11111111111101001111111111111001000000000000101000000000000110011111111111100010111111111111111111111111110110010000000000101010
00000000000010100000000000010011111111111111001111111111111010001111111111011110000000000001000111111111110111110000000000110100
00000000001110000000000000111011111111111110110111111111110011101111111111000001111111111111110100000000000011010000000000100101
00000000001101000000000000110101111111111111011111111111110111011111111110111000111111111111110000000000000000000000000000011101
00000000001101110000000000101110111111111111000111111111110101101111111111001011111111111111110100000000000011010000000000110100
00000000001001110000000000101001111111111111010011111111111000001111111111010001111111111111001000000000000011100000000000110111
00000000000011010000000000001110000000000000000100000000000000111111111111011101111111111111011111111111111101000000000001000000
00000000000000000000000000000000000000000000001100000000000010111111111111101000111111111111101011111111111011000000000001001000
11111111111111100000000000001011111111111111101111111111111001011111111111011110000000000000011011111111111001000000000000011010
00000000000111010000000000100011111111111111101111111111110111011111111110111100000000000000101011111111111000010000000000000001
00000000000101100000000000011001000000000000001111111111111110111111111111000010000000000000001111111111110111110000000000011001
00000000000000000000000000000000000000000000000000000000000000000000000000000000000000000000000000000000000000000000000000000000
00000000000000000000000000000000000000000000000000000000000000000000000000000000000000000000000000000000000000000000000000000000
00000000000000000000000000001110111111111111110011111111111010111111111111001111000000000001100011111111111000010000000000011001
00000000000010100000000000000110000000000000011100000000000000011111111111001010000000000000110111111111110111010000000000011010
00000000000001010000000000000011000000000000011100000000000101001111111111011000000000000000001111111111110111100000000000110110
00000000000101000000000000001111111111111111100111111111111001111111111111001101000000000000011111111111111001100000000001001011
00000000000010000000000000000110000000000000001100000000000000111111111111011001000000000000001111111111111000110000000000110100
11111111111100101111111111110111000000000000101100000000000101011111111111011111000000000000010011111111110101000000000000100011
00000000000000110000000000001100111111111111111011111111111100111111111111001110000000000000110011111111110100100000000000101100
00000000001000000000000000110101111111111111110111111111111110011111111111010001111111111111110000000000000010010000000000010101
00000000001001010000000000111110111111111111111011111111111010101111111110111000111111111111111000000000000000111111111111111011
00000000001011110000000000110001111111111111101011111111111010101111111111000011000000000000101100000000000000100000000000100100
00000000001011100000000000111000111111111111110111111111111100001111111110111010111111111111100100000000000010010000000000100101
00000000000011000000000000001111000000000000010100000000000001101111111111001111111111111111111011111111111001010000000000111010
11111111111110011111111111111100000000000000010100000000000100001111111111101000000000000000001011111111111000100000000001000010
00000000001000110000000000011100111111111111011011111111111001101111111111010101111111111111111111111111111111100000000000110111
00000000001101000000000000101000111111111111010111111111110100101111111110111001111111111111111011111111111110010000000000100110
00000000001001110000000000100011111111111111011111111111111010101111111111010010111111111111011011111111111110000000000000110000
00000000000000000000000000000000000000000000000000000000000000000000000000000000000000000000000000000000000000000000000000000000
00000000000000000000000000000000000000000000000000000000000000000000000000000000000000000000000000000000000000000000000000000000
00000000000010010000000000010110111111111111110111111111111011111111111111001110000000000001000111111111111010110000000000010000
00000000000101010000000000001100000000000000011111111111111011101111111110111011000000000001010011111111110111011111111111111101
00000000001001010000000000001001000000000000110011111111111111111111111110110011000000000000110111111111110111000000000000011110
00000000001101110000000000011001000000000000000111111111111011011111111110110111000000000000011011111111111100010000000000101011
00000000000100000000000000001100000000000000100000000000000000111111111111001000000000000000011011111111110111100000000000010101
11111111111110110000000000000111000000000000100100000000000010011111111111001111000000000000011111111111110101000000000000001011
11111111111100101111111111111110000000000000010111111111111111111111111111010101000000000000110011111111110011000000000000100011
11111111111101100000000000010100000000000000100100000000000100001111111111011011000000000000010011111111111001110000000000010000
00000000001001100000000000110111000000000000010011111111111100101111111110110110111111111111110000000000000000111111111111111001
00000000001101000000000000110111111111111111111111111111111011001111111110110011000000000000101011111111111111110000000000001100
00000000001100110000000000110100000000000000000011111111111101011111111110111101000000000000000100000000000010100000000000011111
00000000000000110000000000010011000000000000011000000000000001101111111111010010111111111111110111111111111010010000000000101010
11111111111110001111111111111011000000000000101000000000000100011111111111011110000000000000010011111111111000000000000000110111
00000000000010100000000000001010111111111111110111111111111100111111111111010111000000000000010011111111111010110000000000111110
00000000001010010000000000100101111111111110111011111111110010101111111111001011111111111111111011111111111111100000000000110011
00000000000011100000000000010001111111111111100011111111111011111111111111011111111111111111111011111111111010000000000000111111
00000000000000000000000000000000000000000000000000000000000000000000000000000000000000000000000000000000000000000000000000000000
00000000000000000000000000000000000000000000000000000000000000000000000000000000000000000000000000000000000000000000000000000000
00000000000011110000000000011100111111111111100011111111110111011111111111001011000000000001011011111111111011110000000000001011
00000000000011100000000000001100000000000000011011111111111110001111111111010001000000000001001111111111111010110000000000000100
00000000000100110000000000001001000000000000111100000000000101011111111111010001000000000000110111111111111001110000000000001011
00000000000011100000000000001010000000000000101100000000000011111111111111011111000000000000100111111111111100000000000000001110
00000000000010010000000000001000000000000000110000000000000100111111111111011011000000000000100011111111111001110000000000001101
00000000000001110000000000001000000000000000100000000000000001001111111111010110000000000000111011111111110111010000000000000100
00000000000100110000000000010101111111111111111111111111111001101111111111000000000000000000101011111111110111010000000000010111
11111111111110110000000000000011000000000000001011111111111111101111111111011110000000000000001111111111111000100000000000101110
11111111111111000000000000010100000000000000001000000000000001001111111111011100000000000000010011111111111011010000000000101101
11111111111110110000000000000110000000000000101000000000000100011111111111100100000000000000001011111111111011010000000000100101
00000000000101000000000000100011111111111111111111111111111110111111111111010111000000000000001011111111111111000000000000101011
00000000000100000000000000011100111111111111110111111111111011111111111111001111111111111111101011111111111101100000000000110110
11111111111111101111111111111100000000000000101100000000000100001111111111011001111111111111111011111111111000100000000000111101
00000000000000101111111111111111000000000000010000000000000001011111111111011110111111111111110111111111111001110000000001000010
00000000000111010000000000011110111111111110110111111111110010011111111111010010000000000000000011111111111110000000000000110110
11111111111111110000000000001010111111111111011111111111111010111111111111100011000000000000001011111111110111100000000000111111
00000000000000000000000000000000000000000000000000000000000000000000000000000000000000000000000000000000000000000000000000000000
00000000000000000000000000000000000000000000000000000000000000000000000000000000000000000000000000000000000000000000000000000000
00000000000001010000000000011000111111111111101111111111111010101111111111001100000000000001100111111111111001010000000000010000
00000000000000010000000000001001000000000000000100000000000000001111111111011101000000000001000011111111111000000000000000011000
11111111111101100000000000001001000000000000001100000000000010111111111111100101000000000000100111111111111000010000000000010110
11111111111010111111111111111100000000000000101000000000000011001111111111100100000000000001011111111111110101010000000000000011
11111111111101111111111111111111000000000000110000000000000011011111111111011001000000000001110111111111110101001111111111111110
00000000000001110000000000000110000000000000001100000000000000111111111111101010000000000001001111111111111011000000000000000011
00000000001010000000000000100101111111111111001111111111110111111111111111100101111111111111011100000000000101010000000000011110
00000000000100100000000000010101111111111111100011111111111001111111111111100101111111111111001100000000000000100000000000110111
00000000000011010000000000010011000000000000010000000000000011001111111111011111111111111111101011111111111110000000000000111011
00000000000010100000000000001111000000000000010100000000000010011111111111011000000000000000010011111111111011010000000000110110
00000000000111010000000000011001000000000000000011111111111110111111111111010001000000000000101011111111111100010000000000110111
00000000001000000000000000010111000000000000000111111111111101001111111111000110000000000000000111111111111101100000000000111101
11111111111111111111111111111010000000000000110100000000000111011111111111101000111111111111100011111111111011010000000000111101
11111111111110011111111111111111000000000000001111111111111110101111111111011110000000000000010111111111111000110000000000110001
00000000001001100000000000100100111111111110111111111111110011001111111111001010111111111111111111111111111101110000000000110010
11111111111111110000000000001101111111111111101011111111111100101111111111100001111111111111111011111111111000010000000000110110
00000000000000000000000000000000000000000000000000000000000000000000000000000000000000000000000000000000000000000000000000000000
00000000000000000000000000000000000000000000000000000000000000000000000000000000000000000000000000000000000000000000000000000000
11111111111111110000000000001110111111111111110111111111111011111111111111010010000000000001010111111111111000110000000000010100
00000000000000110000000000001110000000000000000011111111111110101111111111010110000000000000110011111111111000100000000000010110
00000000000011010000000000011000111111111111011011111111111100001111111111011001000000000000100111111111111000110000000000100111
00000000001001110000000000100110111111111111001011111111110100111111111111000100000000000001000011111111111010000000000000011000
00000000000100100000000000001010000000000000110100000000000001011111111111000011000000000001000011111111110111101111111111110101
00000000000011100000000000001000000000000000000011111111111101001111111111100110000000000000101011111111111110001111111111111100
00000000010000000000000000110110111111111110100111111111110001111111111111001110000000000000011000000000000011000000000000101010
00000000000110000000000000010110111111111111010011111111111001001111111111100000000000000000010011111111111011000000000000111101
00000000000011100000000000011011111111111111111100000000000000101111111111011010111111111111100111111111111101010000000000110001
00000000000110000000000000011101000000000000001000000000000000101111111111001101111111111111011011111111111110110000000000101110
00000000000100110000000000001010000000000000110000000000000100011111111111001111000000000000000111111111111011010000000000100110
00000000000111010000000000001100000000000000011100000000000011111111111111011011111111111111011111111111111111100000000000111011
00000000000000101111111111111011000000000000110100000000000110011111111111011010111111111111111011111111111001000000000001000010
00000000000000110000000000000001000000000000010011111111111111011111111111010100000000000000110111111111110110110000000000111110
00000000000111010000000000100011111111111110111111111111110001101111111111000101000000000000011111111111111011110000000000110010
11111111111111100000000000001100111111111111101011111111111100001111111111100100111111111111111111111111111000100000000000110001
00000000000000000000000000000000000000000000000000000000000000000000000000000000000000000000000000000000000000000000000000000000
00000000000000000000000000000000000000000000000000000000000000000000000000000000000000000000000000000000000000000000000000000000
11111111111110110000000000001111111111111111110011111111111010101111111111010001000000000001100111111111111000000000000000001110
00000000000000100000000000000111000000000000001100000000000000101111111111011100000000000000101011111111111000100000000000010101
00000000000010010000000000001110111111111111110011111111111110101111111111100001000000000000100011111111111000000000000000101000
00000000001011010000000000100110111111111111111111111111111111101111111111010101111111111111101000000000000001000000000000011011
00000000001011000000000000010111000000000000011000000000000010001111111111100110111111111111010000000000000101100000000000000011
00000000000011000000000000010010111111111111111111111111111100011111111111101100000000000000010011111111111111100000000000000100
00000000000111010000000000100011111111111111000011111111110100101111111111010101000000000001010011111111111001010000000000011110
00000000000011010000000000001001111111111111110111111111111010111111111111011000000000000001011011111111110101110000000000011010
00000000000010110000000000000110000000000000011000000000000011101111111111011101000000000000001011111111111010110000000000101011
00000000000100100000000000000110000000000000100100000000000011101111111111010101111111111111101111111111111100010000000000101011
00000000000001011111111111111101000000000000110100000000000110111111111111100010111111111111110111111111111011100000000000101111
00000000000000011111111111110110000000000000101000000000000101101111111111100111111111111111101011111111111001100000000000111100
00000000000001111111111111111111000000000000011100000000000011011111111111010110111111111111111111111111110110110000000000111011
00000000000001110000000000000110000000000000000111111111111101111111111111010010000000000000100011111111110111010000000000110101
00000000001010100000000000011011111111111111011111111111110111111111111111001000111111111111111111111111111101010000000001000001
11111111111111100000000000000110111111111111111011111111111111001111111111100100111111111111101111111111111000110000000000110111
00000000000000000000000000000000000000000000000000000000000000000000000000000000000000000000000000000000000000000000000000000000
00000000000000000000000000000000000000000000000000000000000000000000000000000000000000000000000000000000000000000000000000000000
00000000000000000000000000010111111111111111100011111111111000101111111111010000000000000001101111111111111001000000000000001010
00000000000011000000000000001011000000000000001111111111111101101111111111010000000000000001000011111111111000010000000000010010
11111111111111011111111111111110000000000000100100000000000100111111111111011111000000000000101111111111110110100000000000011010
00000000000011100000000000000111000000000000110000000000001000101111111111101100111111111111111011111111111110100000000000010001
00000000000010100000000000001001000000000000011100000000000110001111111111110100000000000000001111111111111110000000000000010011
00000000000100110000000000010010111111111111101011111111111101001111111111110000000000000000010011111111111100100000000000100000
00000000001010010000000000101010111111111111001111111111110110011111111111010010000000000000000111111111111110110000000000010111
00000000000100100000000000011001111111111111110111111111111000001111111111001010000000000000011011111111111001110000000000001001
00000000000010000000000000001111000000000000001011111111111001101111111111001001000000000000010111111111111000000000000000001101
00000000000000110000000000001000000000000000101111111111111111001111111111000101000000000000110111111111110110000000000000000000
11111111111100011111111111110110000000000000111100000000000001011111111111001000000000000001000111111111110010010000000000001001
11111111111110101111111111111100000000000000101100000000000000101111111111000110000000000001000111111111110010010000000000001010
00000000000011010000000000001011000000000000000011111111111011011111111111001101000000000000101111111111110111100000000000001101
00000000001101100000000000101000111111111111110111111111110111111111111110111000111111111111111000000000000000010000000000000101
00000000001110000000000000101011111111111111011011111111110110101111111110111101111111111111110011111111111110000000000000100101
00000000000010000000000000001111111111111111110111111111111100101111111111010100111111111111110111111111110111100000000000101101
00000000000000000000000000000000000000000000000000000000000000000000000000000000000000000000000000000000000000000000000000000000
00000000000000000000000000000000000000000000000000000000000000000000000000000000000000000000000000000000000000000000000000000000
00000000000010000000000000011001111111111111101111111111111010101111111111001011000000000001010111111111111001010000000000001010
00000000000110000000000000010000000000000000010100000000000000001111111111001100000000000000101011111111111010000000000000010001
00000000000000101111111111111110000000000000111000000000000110011111111111011101000000000000001111111111111001010000000000001011
00000000000011010000000000000011000000000000101100000000000101111111111111100011000000000000001111111111111011100000000000001111
00000000000001110000000000000001000000000000011000000000000011111111111111101000000000000000111111111111111000010000000000011101
00000000000110100000000000001101000000000000011000000000000100111111111111100100000000000000011011111111111011110000000000011101
00000000000110000000000000001111000000000000100000000000000110001111111111110000111111111111101100000000000001100000000000010001
00000000000000110000000000001101000000000000001011111111111101111111111111100111000000000000011111111111111011100000000000000011
11111111111100100000000000001000000000000000011111111111111101111111111111010111000000000000111111111111110101100000000000000011
00000000000000100000000000010010000000000000100111111111111101111111111111001011000000000000101111111111111001001111111111101101
00000000000001000000000000001110000000000000101011111111111110111111111111001011000000000000110111111111111000101111111111110000
00000000000001110000000000001011000000000000100111111111111110011111111111001011000000000001000011111111110111111111111111110010
00000000000001000000000000000111000000000000011011111111111101001111111111011000000000000000100111111111111010001111111111111001
00000000000111100000000000011101000000000000011111111111111110001111111111000101000000000000001111111111111101001111111111110000
00000000001101100000000000101100000000000000000111111111111010101111111110111000000000000000000111111111111110111111111111111101
00000000001010000000000000100111111111111111110111111111111100101111111111001001111111111111111011111111111100010000000000011010
00000000000000000000000000000000000000000000000000000000000000000000000000000000000000000000000000000000000000000000000000000000
00000000000000000000000000000000000000000000000000000000000000000000000000000000000000000000000000000000000000000000000000000000
00000000000110010000000000100001111111111111101011111111111000001111111111000111000000000000101111111111111101110000000000001010
00000000000010110000000000001111000000000000010111111111111100011111111111001011000000000001000111111111111001011111111111110100
00000000000000111111111111111111000000000000110100000000000100011111111111010100000000000000110011111111110111100000000000001000
00000000000000001111111111111010000000000000110100000000000011101111111111010011000000000000110011111111110110010000000000001100
00000000000001010000000000000100000000000000011100000000000001111111111111010010000000000000111011111111110110000000000000010011
00000000000000010000000000000011000000000000011100000000000010011111111111010100000000000001001111111111110101110000000000001010
11111111111110110000000000000010000000000000101100000000000101111111111111100000000000000000101011111111111000000000000000001011
11111111111111010000000000000100000000000000010000000000000000111111111111011101000000000001100011111111110101110000000000000101
11111111111101110000000000000100000000000000101100000000000101001111111111011001000000000001001111111111110101100000000000000001
11111111111110000000000000001100000000000000101100000000000101001111111111011001000000000001000011111111110111101111111111111010
11111111111111000000000000001110000000000000110100000000000110011111111111011001000000000000110111111111111000101111111111110111
11111111111101110000000000001000000000000000110100000000000101101111111111011010000000000000110111111111110111011111111111111110
00000000000000000000000000001001000000000000111100000000000101011111111111010001000000000000101011111111110111111111111111111111
11111111111101011111111111111111000000000001000100000000000101001111111111001110000000000001000111111111110100100000000000000001
00000000000001110000000000000111000000000000111100000000000001011111111111000001000000000001001111111111110101111111111111110110
00000000001000010000000000001100000000000000110100000000000011001111111111001000000000000000010111111111111010110000000000000100
00000000000000000000000000000000000000000000000000000000000000000000000000000000000000000000000000000000000000000000000000000000
00000000000000000000000000000000000000000000000000000000000000000000000000000000000000000000000000000000000000000000000000000000
00000000000001100000000000010111111111111111011011111111110110011111111111000111000000000001110011111111110111100000000000000001
00000000000100100000000000010101000000000000001011111111111001011111111110110111000000000010001011111111110111001111111111110010
11111111111110110000000000000101000000000000001011111111111000011111111110111110000000000010100111111111110010101111111111110001
11111111111101100000000000000100111111111111111011111111110101101111111111000000000000000010101011111111110010001111111111110010
11111111111101110000000000000011111111111111111111111111110110001111111110111110000000000010100011111111110001111111111111110101
11111111111101010000000000000100111111111111111111111111110110111111111111000001000000000010101011111111110010001111111111110011
11111111111101110000000000000010000000000000001011111111111000111111111110111101000000000010101011111111110001011111111111111000
11111111111110000000000000000101111111111111111011111111110101111111111110111100000000000010110111111111110001101111111111110101
11111111111101110000000000000101111111111111111111111111110111001111111110111101000000000010110111111111110001101111111111110110
11111111111110100000000000000101111111111111111111111111110111111111111111000000000000000010101111111111110010101111111111111001
11111111111110100000000000000010000000000000001111111111111010101111111111000000000000000010110011111111110010001111111111111010
11111111111111100000000000000111000000000000000111111111111001001111111111000000000000000010100011111111110011101111111111110110
11111111111101100000000000000001000000000000001011111111111000011111111111000000000000000010101111111111110001101111111111110011
11111111111101010000000000000010000000000000000011111111110110111111111111000010000000000010100111111111110010001111111111110001
11111111111101010000000000000000000000000000000111111111110110111111111111000011000000000010100011111111110010001111111111101111
00000000000101110000000000010100111111111111110011111111110101011111111110111101000000000001111111111111111000011111111111110010
00000000000000000000000000000000000000000000000000000000000000000000000000000000000000000000000000000000000000000000000000000000
00000000000000000000000000000000000000000000000000000000000000000000000000000000000000000000000000000000000000000000000000000000
00000000000010010000000000010100111111111111111011111111111011011111111111010011000000000000101011111111111011110000000000000010
00000000000100100000000000011010000000000000000011111111111100111111111111010110000000000000011111111111111101101111111111110100
00000000000100100000000000011011111111111111111111111111111100101111111111010111000000000000100011111111111101011111111111110100
00000000000010110000000000011000111111111111111011111111111100011111111111011100000000000000100011111111111100111111111111110101
00000000000011100000000000011011111111111111111011111111111100011111111111011100000000000000011011111111111101111111111111110110
00000000000011100000000000010111111111111111111011111111111011011111111111011000000000000000101011111111111100011111111111110101
00000000000010100000000000010111111111111111110111111111111011001111111111011101000000000000100011111111111100111111111111110111
00000000000010110000000000011000111111111111111011111111111100011111111111011100000000000000100011111111111100111111111111110101
00000000000100100000000000011011111111111111111111111111111100101111111111010111000000000000100011111111111101011111111111110100
00000000000010100000000000010111111111111111110111111111111011001111111111011101000000000000100011111111111100111111111111110111
00000000000010110000000000010111111111111111111011111111111100011111111111011100000000000000101111111111111100001111111111111001
00000000000010010000000000011000111111111111110011111111111010101111111111011111000000000000101011111111111101001111111111110100
00000000000010100000000000010111111111111111110111111111111011001111111111011101000000000000100011111111111100111111111111110111
00000000000010010000000000011000111111111111110111111111111100001111111111011111000000000000100111111111111100101111111111111000
00000000000011110000000000011011111111111111111111111111111011111111111111010100000000000000101011111111111100011111111111110001
00000000000101000000000000011101111111111111111011111111111010111111111111001101000000000000110111111111111011111111111111110000
00000000000000000000000000000000000000000000000000000000000000000000000000000000000000000000000000000000000000000000000000000000
00000000000000000000000000000000000000000000000000000000000000000000000000000000000000000000000000000000000000000000000000000000
00000000000000000000000000000000000000000000000000000000000000000000000000000000000000000000000000000000000000000000000000000000
00000000000000000000000000000000000000000000000000000000000000000000000000000000000000000000000000000000000000000000000000000000
00000000000000000000000000000000000000000000000000000000000000000000000000000000000000000000000000000000000000000000000000000000
00000000000000000000000000000000000000000000000000000000000000000000000000000000000000000000000000000000000000000000000000000000
00000000000000000000000000000000000000000000000000000000000000000000000000000000000000000000000000000000000000000000000000000000
00000000000000000000000000000000000000000000000000000000000000000000000000000000000000000000000000000000000000000000000000000000
00000000000000000000000000000000000000000000000000000000000000000000000000000000000000000000000000000000000000000000000000000000
00000000000000000000000000000000000000000000000000000000000000000000000000000000000000000000000000000000000000000000000000000000
00000000000000000000000000000000000000000000000000000000000000000000000000000000000000000000000000000000000000000000000000000000
00000000000000000000000000000000000000000000000000000000000000000000000000000000000000000000000000000000000000000000000000000000
00000000000000000000000000000000000000000000000000000000000000000000000000000000000000000000000000000000000000000000000000000000
00000000000000000000000000000000000000000000000000000000000000000000000000000000000000000000000000000000000000000000000000000000
00000000000000000000000000000000000000000000000000000000000000000000000000000000000000000000000000000000000000000000000000000000
00000000000000000000000000000000000000000000000000000000000000000000000000000000000000000000000000000000000000000000000000000000
00000000000000000000000000000000000000000000000000000000000000000000000000000000000000000000000000000000000000000000000000000000
00000000000000000000000000000000000000000000000000000000000000000000000000000000000000000000000000000000000000000000000000000000
00000000000000000000000000000000000000000000000000000000000000000000000000000000000000000000000000000000000000000000000000000000
