#time0col7[msb-lsb],time0col6[msb-lst],....,time0col0[msb-lst]#
#time1col7[msb-lsb],time1col6[msb-lst],....,time1col0[msb-lst]#
#................#
00000000000000000000000000000000000000000000000000000000000000000000000000000000000000000000000000000000000000000000000000000000
00000000000000000000000000000000000000000000000000000000000000000000000000000000000000000000000000000000000000000000000000000000
00000000000000000000000000000000000000000000000000000000000000000000000000000000000000000000000000000000000000000000000000000000
00000000000000000000000000000000000000000000000000000000000000000000000000000000000000000000000000000000000000000000000000000000
00000000000000000000000000000000000000000000000000000000000000000000000000000000000000000000000000000000000000000000000000000000
00000000000000000000000000000000000000000000000000000000000000000000000000000000000000000000000000000000000000000000000000000000
00000000000000000000000000000000000000000000000000000000000000000000000000000000000000000000000000000000000000000000000000000000
00000000000000000000000000000000000000000000000000000000000000000000000000000000000000000000000000000000000000000000000000000000
00000000000000000000000000000000000000000000000000000000000000000000000000000000000000000000000000000000000000000000000000000000
00000000000000000000000000000000000000000000000000000000000000000000000000000000000000000000000000000000000000000000000000000000
00000000000000000000000000000000000000000000000000000000000000000000000000000000000000000000000000000000000000000000000000000000
00000000000000000000000000000000000000000000000000000000000000000000000000000000000000000000000000000000000000000000000000000000
00000000000000000000000000000000000000000000000000000000000000000000000000000000000000000000000000000000000000000000000000000000
00000000000000000000000000000000000000000000000000000000000000000000000000000000000000000000000000000000000000000000000000000000
00000000000000000000000000000000000000000000000000000000000000000000000000000000000000000000000000000000000000000000000000000000
00000000000000000000000000000000000000000000000000000000000000000000000000000000000000000000000000000000000000000000000000000000
00000000000000000000000000000000000000000000000000000000000000000000000000000000000000000000000000000000000000000000000000000000
00000000000000000000000000000000000000000000000000000000000000000000000000000000000000000000000000000000000000000000000000000000
00000000000000000000000000000000000000000000000000000000000000000000000000000000000000000000000000000000000000000000000000000000
11111110110101011111111111000100111111111011111011111111110011001111111111100110000000001101011100000000101010011111111111100000
11111110111001011111111110110001111111110101100011111111111101000000000000001101000000001011101000000000010001111111111111101101
11111111011011110000000000000111000000000000000100000000010100110000000001001000111111111111001011111111110110011111111110000010
11111111011000001111111110011001111111101111111111111111110000001111111110010001000000001011010000000000000011110000000001100000
11111111101011101111111110101011111111111001011100000000001001111111111110111001000000000011010011111111101100111111111110010010
11111111001001011111111111101001111111111010011111111111100101101111111111110110000000000001101100000000001111100000000000100100
11111111010100010000000000001011111111111011001100000000001000000000000000011111000000000010010111111111111010001111111110101110
11111110110000011111111111000100111111110111110111111111110110011111111111010101000000001010010100000000011010011111111111101011
11111110101100101111111110101010111111110110100011111111100110001111111110011011000000000111010000000000010011011111111111111111
11111110110101011111111111000011111111110111010000000000000101001111111111010000000000001011100100000000010100011111111111010010
11111110101010111111111111011111111111110111010011111111011010101111111110111010000000000000101100000000001000110000000000100001
11111111010100101111111111000101111111110001101111111111110010100000000000000000000000000100101111111111111111010000000000011100
11111110111000101111111111000100111111110011010011111111110101111111111101111011000000001011011100000000010100010000000000110111
11111111011110011111111111001101111111111101000100000000001101010000000000110001111111111111100111111111110010001111111101101110
11111111000110011111111111101010111111110111111111111111110111011111111110101001000000000101011111111111111110100000000000001000
11111111000011011111111111011010111111110100011000000000000101110000000000010011000000000110100100000000000101011111111111011111
00000000000000000000000000000000000000000000000000000000000000000000000000000000000000000000000000000000000000000000000000000000
00000000000000000000000000000000000000000000000000000000000000000000000000000000000000000000000000000000000000000000000000000000
11111111001101011111111111101011111111111010111000000000011111100000000001101001000000001001111000000000000110111111111110000011
11111110100000011111111110101001111111101101110111111111011011111111111110000111000000000110101000000000001011000000000001011001
11111111001011111111111111011000111111110111000111111111110101011111111111000011000000000101000000000000001011000000000000010101
11111111011001001111111110101001111111110100100011111111110110011111111101011001000000000111111100000000000100010000000000101010
11111111001011101111111101111110111111110001000111111111101011011111111110011110000000001001100100000000000011000000000000000100
11111110111101011111111110111100111111110011100000000000000010111111111110111000000000001011110100000000001111001111111111101100
11111111001001101111111110110100111111110101000011111111101100011111111101100111000000001010010100000000001100110000000000111010
11111110101110101111111111111000111111110110011111111111111100011111111110100111000000001001011100000000010001100000000000000111
11111110111000001111111110100001111111110011011011111111100110001111111101100010000000001100101000000000011000010000000001001000
11111110100101011111111111000001111111110110011011111111011111101111111110011010000000000011111000000000001011001111111111111100
11111111000111111111111110000101111111110010001011111111010001101111111101000010000000001101111100000000100011110000000010001111
11111110111101001111111101101111111111110010111011111111100011101111111111000100000000001000001000000000010011000000000000101001
11111110101001001111111111010101111111110010010111111111111100111111111110100100000000000111100011111111111111001111111111011011
11111111000010101111111111111111000000000000011000000000011100011111111111110001000000000100001011111111111010111111111101000110
11111111001111011111111111011011111111111101010100000000000111001111111111101001000000001000011100000000001000111111111110011000
11111111000000101111111110011100111111110111000011111111110000111111111110011111000000001100100100000000011001001111111111110010
00000000000000000000000000000000000000000000000000000000000000000000000000000000000000000000000000000000000000000000000000000000
00000000000000000000000000000000000000000000000000000000000000000000000000000000000000000000000000000000000000000000000000000000
11111111000011111111111110110110111111110010010011111111101111001111111110011111000000001101000000000000011000000000000000101011
11111111000111001111111111111001111111111000111011111111110001111111111110111101000000001001010000000000010101010000000000111110
11111110110110011111111111001010111111111110001000000000000111111111111110101101000000001000101100000000000111111111111110000101
11111111001001011111111110001110111111110100100111111111110010111111111110001011000000001011110000000000001010101111111111110110
11111110100110111111111110110010111111110011101100000000001000101111111110111111000000000111011011111111111011001111111110100111
11111110110101101111111111001101111111111001101111111111110010101111111111101000000000000111100100000000011010001111111111011011
11111111000010011111111111000101111111110010110111111111101001111111111101010010000000001010001000000000010001010000000001001101
11111111010100111111111111111011111111111110111100000000001100010000000000010010000000000111110100000000001101011111111110101011
11111111000111101111111110100011111111110111110111111111111011111111111111010010000000001100101000000000011001001111111111100110
11111111011011011111111111100001111111110110111111111111110010011111111111111100000000000000110111111111111110100000000000110000
11111111001100011111111110011101111111111010001111111111111010111111111111010001000000001100100000000000011011101111111111011001
11111110011100111111111110110111111111110011111111111111110000111111111101101101000000001011010100000000010000111111111111110110
11111111000101111111111110100010111111110100100111111111110111101111111100100100000000001011011100000000000110001111111111101011
11111110110101111111111110101111111111110000001111111111110001001111111110111101000000000101111100000000000010010000000000001111
11111111000011010000000000000100111111111101110011111111111111001111111111110001000000000100111000000000001110001111111111001110
11111111000110100000000000101010111111111100111100000000001010100000000000010101111111111011101111111111101110111111111110111011
00000000000000000000000000000000000000000000000000000000000000000000000000000000000000000000000000000000000000000000000000000000
00000000000000000000000000000000000000000000000000000000000000000000000000000000000000000000000000000000000000000000000000000000
11111111001110111111111111110101111111111000100100000000001100000000000000100001000000000001111011111111110110011111111110111011
11111110111101001111111110000111111111110011101111111111110001111111111101111110000000001111000100000000010111000000000000001101
11111111010001111111111111110011111111111000110111111111110110111111111111011111000000001000000000000000001111110000000000001001
11111110101001011111111111000001111111110110010000000000000101111111111111101001000000000110010011111111111100101111111110011100
11111110101111010000000000001000111111111010011011111111110110110000000010011111000000000110010000000000011001001111111111111110
11111111001111111111111110011111111111110110000000000000000010100000000000111111000000000111100000000000000100011111111111011011
11111111000100001111111111100110111111110111010011111111111101101111111110101010000000000001001111111111111001101111111111000111
11111110111001101111111110111010111111110101000011111111110010111111111111011001000000000111011000000000001000000000000000001001
11111111001000101111111110011100111111110101001100000000000011011111111110011011000000001011100000000000000111001111111111100110
11111111000011101111111111001001111111111010111111111111101111100000000000101001000000000000110000000000001101111111111111100100
11111110111111001111111111100010111111110111110111111111011111011111111110110101000000000110111000000000011011000000000001011011
11111110110111011111111111010000111111110100100011111111010110111111111111110000000000000101110000000000011110100000000001011000
11111111001110001111111111100101111111111100110111111111101100101111111111011010000000000011010000000000010101100000000000010001
11111110111110011111111110001110111111110101110111111111111110111111111101101000000000001000111011111111111100111111111110101001
11111111010100101111111111100111111111111011011111111111111000011111111111000110111111111111001111111111111111101111111111100000
11111110111101101111111110111000111111110110101011111111101110111111111111011111000000000011111111111111111110101111111111101111
00000000000000000000000000000000000000000000000000000000000000000000000000000000000000000000000000000000000000000000000000000000
00000000000000000000000000000000000000000000000000000000000000000000000000000000000000000000000000000000000000000000000000000000
11111110110110111111111110100100111111110100111111111111100100001111111100101000000000001100101000000000010110000000000000111111
11111111010001011111111110010100111111110000111011111111110111011111111111011010000000001000111000000000000000001111111111111011
11111111001111001111111110100110111111111000111011111111101011011111111111001100000000000100101000000000001001000000000000001000
11111110111110111111111111110001111111111111000000000000001100011111111111111110000000000010000111111111111111101111111101111110
11111111010101001111111111010110111111111111000100000000010000111111111111100010000000000110001100000000000101101111111110010000
11111111001101101111111111101100000000000000011100000000010011110000000000001010111111111111111111111111110110111111111101001110
11111111011001111111111111000000111111111001001000000000000101001111111110001010000000001001011011111111111111111111111110111111
11111111011010111111111111001110111111110010100100000000000000111111111111100101000000001000101111111111111010100000000000001001
11111110111100111111111111100110111111110100010111111111110000011111111111101000000000000011111011111111111101010000000000100011
11111111001000001111111111010001111111110100111111111111100001001111111111010110000000000010100000000000000111000000000000111000
11111111000101101111111110101010111111110111010011111111110100011111111110101000000000000110001000000000000000111111111111000011
11111111001011011111111111000111111111111001111000000000000001001111111111000001000000000011111011111111110111011111111110111001
11111110111000111111111111100111111111110001001011111111011001011111111110110011000000000111110100000000011010010000000010011010
11111111100010101111111110101011111111110111010011111111100100011111111111001110000000000011001000000000001101010000000001000000
11111111001101001111111101110110111111110010010011111111101011101111111110000011000000001000111000000000000111100000000000100101
11111111001011101111111110100011111111110110010000000000000010011111111110111011000000001010001100000000000010001111111111001001
00000000000000000000000000000000000000000000000000000000000000000000000000000000000000000000000000000000000000000000000000000000
00000000000000000000000000000000000000000000000000000000000000000000000000000000000000000000000000000000000000000000000000000000
11111111101001111111111110111000111111110111110100000000001010001111111110011011000000000101010111111111110101001111111110111011
11111110100101001111111110110111111111110000001111111111011100001111111101111100000000000111001000000000001101000000000001010111
11111110100110001111111110110100111111111010100111111111110101011111111110110010000000001010111000000000011100011111111111000010
11111111010010111111111110011101111111111000110011111111111101111111111110010001000000001010101100000000001101111111111111101111
11111111101101001111111110000011111111110101101011111111111010001111111101101001000000001010010100000000000001001111111111101000
11111110100101001111111110101001111111111001100011111111010110101111111110110110000000001100100000000000110100100000000000111100
11111110100110001111111111011010111111110100111111111111101111011111111111011001000000000110000000000000001110001111111111101010
11111110100001101111111111110100111111111011000011111111111001110000000000011001000000000110011100000000010110011111111110111110
11111111001110001111111110101011111111111010010011111111110101101111111111101000000000001010011100000000010111001111111111101001
11111110111001101111111111000110111111111100011100000000000010101111111111101001000000000100000000000000001010001111111110011111
11111111001101001111111110011110111111111001111111111111111100110000000000101101000000000100101100000000000010101111111110110111
11111110011101001111111111100001111111111000100000000000000011101111111111100110000000001000101000000000010011101111111110111011
11111111010100001111111110111111111111111001001011111111111010010000000000101100000000000100010100000000001010001111111111011100
11111110110110001111111110101000111111110110010011111111111111011111111101010101000000001100001100000000001100101111111110111101
11111111010011111111111110011100111111110010010011111111110000111111111101110111000000001010001100000000000111110000000000111100
11111110101101101111111111010101111111111010011011111111101010000000000000111000000000000110001100000000011001111111111111101100
00000000000000000000000000000000000000000000000000000000000000000000000000000000000000000000000000000000000000000000000000000000
00000000000000000000000000000000000000000000000000000000000000000000000000000000000000000000000000000000000000000000000000000000
11111110101010111111111111001101111111110110001111111111101110011111111111011100000000001010101100000000011100010000000000100010
11111111001110111111111111001010111111111001110011111111101011111111111110111100000000001000100000000000011101100000000000100101
11111110110101101111111111100111111111111011001100000000001010101111111111101111000000000101100011111111111011101111111110000010
11111111101010001111111110101000111111110110100100000000001101001111111111101001000000001000101111111111110100111111111110111000
11111110110111001111111110011101111111101111111011111111111001111111111111100010000000001010000000000000000111001111111111110110
11111111011000101111111110000110111111110010010011111111101011101111111101100001000000001001000000000000001010010000000001000010
11111111011110111111111110010111111111110011110011111111110001101111111110101000000000001000011000000000000011110000000000001011
11111111101011011111111111011100111111111111101100000000010101110000000000001100000000000111001000000000000010011111111101111110
11111111010100101111111110100110111111110111001000000000000110111111111111101000000000000100111011111111110010011111111110011001
11111110100100111111111110111000111111111010000111111111101110111111111110100001000000001100100000000000100101001111111111100100
11111110111000101111111110100110111111111011001111111111110101011111111110010110000000001010101000000000011011001111111111001110
11111110011111011111111110111100111111110101101011111111111101111111111101101111000000001101000100000000001100001111111111010010
11111110110110001111111111010011111111111100011111111111111111101111111111110001000000001011101000000000011001101111111111001001
11111111001100101111111110101010111111111001010100000000001000101111111110111101000000000011011111111111110100101111111110001010
11111110101000011111111111011100111111110001001011111111100101011111111101100110000000001000110100000000010001000000000001000101
11111111011000101111111110111011111111111010111011111111111110010000000000011000000000000000100011111111110100011111111110101011
00000000000000000000000000000000000000000000000000000000000000000000000000000000000000000000000000000000000000000000000000000000
00000000000000000000000000000000000000000000000000000000000000000000000000000000000000000000000000000000000000000000000000000000
11111111000110011111111111010001111111111010111011111111111011111111111110100011000000001001000100000000001001001111111111101110
11111111101111011111111110011000111111111000001100000000001111101111111111011000000000001001011111111111110111101111111110011110
11111110111101111111111110110111111111110110000011111111100101111111111110000111000000001100000100000000100000000000000001010101
11111111000011000000000000000111111111111011001000000000010101000000000000101011000000000000000011111111101110111111111110001011
11111111100010101111111111100001111111111101101011111111110001110000000000100111000000000010011100000000001100110000000000000110
11111111001010111111111110110001111111111111001000000000000101011111111111001110000000000110010000000000000111011111111110011100
11111111101101011111111110000001111111110100101111111111111001111111111100111010000000001001000111111111111011100000000000001010
11111111100011111111111110011100111111111001001000000000010110100000000000010011000000000111101111111111110101001111111110000011
11111110111010001111111110100011111111111000101100000000000100001111111110101010000000001000101000000000000000111111111110100000
11111111000001011111111110101010111111110110110011111111111101001111111111101000000000000101010100000000000011101111111111000001
11111110101011011111111111011010111111110010111111111111101110011111111110111111000000001100011000000000011101110000000000101100
11111110111110011111111110101111111111110101100011111111011111101111111111110010000000000111101100000000010100110000000000101010
11111110110001111111111111011001111111111100101000000000000110110000000000000011000000000111100100000000010100111111111110001000
11111111010000001111111110000011111111110110001011111111110100101111111110101100000000001001111000000000001010101111111111101101
11111110111101101111111111001001111111111010011011111111111100010000000001000000000000001000100100000000001111111111111110111011
11111110101111111111111111011100111111111011101111111111101000111111111111011001000000001000001000000000100000100000000000010011
00000000000000000000000000000000000000000000000000000000000000000000000000000000000000000000000000000000000000000000000000000000
00000000000000000000000000000000000000000000000000000000000000000000000000000000000000000000000000000000000000000000000000000000
11111111000101111111111111000100111111110000001011111111100101111111111101111101000000001010001100000000010100100000000010000110
11111111000101011111111111101111111111111011010000000000000001100000000000110010111111111111100011111111111110101111111110111111
11111110101000011111111110101101111111110110110111111111110000001111111111010010000000000101001000000000001110001111111111101010
11111111010001011111111111100101111111110101011011111111110101111111111111010101000000000010000100000000000001000000000000110001
11111110111010101111111111001111111111110111010011111111111110000000000000000011000000001001001000000000010101011111111111010101
11111110101100010000000000011010111111111101000100000000000001110000000000110110000000000100001000000000001101011111111111010110
11111111000010101111111111010001111111111010110100000000010110000000000000101111000000000001110111111111101110101111111101101001
11111111000001111111111110100010111111110101001011111111111111101111111111001000000000001011011100000000001101111111111111010101
11111111000100111111111101111010111111101110000011111111110111101111111111100001000000001010111000000000000111000000000000001001
11111111001100100000000000001001111111111111001100000000000101000000000010010111000000000001111000000000001001101111111110100111
11111110101101111111111110100011111111110100000011111111110110001111111111111110000000001100110100000000011010111111111111110110
11111111000100001111111111010001111111110101011100000000001001101111111110000110000000000101111111111111110001011111111110111011
11111111011000001111111110010000111111110100011011111111110011001111111101111111000000001001111011111111111111111111111111110001
11111110100100010000000000000010111111111011011100000000010110101111111111111110000000001001110100000000001000101111111101110000
11111111000101101111111111110100111111110101000100000000000101111111111110100011000000000110110111111111111100001111111111101011
11111111011010101111111111100011111111111000011000000000000101101111111111000011111111111111001111111111101001011111111111001101
00000000000000000000000000000000000000000000000000000000000000000000000000000000000000000000000000000000000000000000000000000000
00000000000000000000000000000000000000000000000000000000000000000000000000000000000000000000000000000000000000000000000000000000
11111110111001001111111110010010111111101110000111111111111101001111111100101100000000001011010011111111111000001111111111101011
11111111010011111111111111010101111111111000111011111111111010101111111111101010000000001000010100000000010010110000000000001110
11111110010111001111111110110011111111101111100111111111101000001111111101110000000000001000100000000000001001000000000000011001
11111110111110000000000000001110111111111101111000000000001100110000000000101110000000000101000100000000001101101111111111001101
11111110110011001111111110110010111111111001100111111111101010001111111110011101000000000100001100000000010000111111111111101100
11111111000110111111111110111101111111110011110011111111111000101111111111011001000000000101100111111111111010001111111111110011
11111110100110001111111110101101111111110101010011111111011101111111111100110000000000001001101000000000011000000000000000101000
11111111010001001111111111111011111111111001101111111111111101001111111110111000000000000001011111111111111100001111111111101111
11111111000100101111111110010010111111110100110000000000010010001111111111110110000000001001010111111111111001111111111110010101
11111110100111101111111110111010111111111001101011111111101011101111111110100111000000001001100100000000011111101111111111110011
11111110111000011111111111011111111111111010001100000000001001100000000000011000000000000101101000000000001010111111111110110101
11111110110111111111111111110110111111111110111111111111111010000000000000001110000000000010001000000000001010001111111110011111
11111111001110011111111111110010111111110101000011111111110000110000000000010000000000000011101100000000000000110000000000101001
11111110111001111111111110100000111111110000011011111111100001001111111110001010000000001100000100000000011001010000000001101100
11111111000011111111111111001100111111111011110011111111110100100000000001010000000000000101010100000000010011011111111111100010
11111111010100101111111110101001111111111101011000000000010100100000000000100100000000001000001100000000000010101111111101011101
00000000000000000000000000000000000000000000000000000000000000000000000000000000000000000000000000000000000000000000000000000000
00000000000000000000000000000000000000000000000000000000000000000000000000000000000000000000000000000000000000000000000000000000
11111110110111011111111111100000111111111010100111111111101001000000000001001110000000000100101000000000011011111111111111111001
11111110101000001111111110100111111111111001010011111111101010001111111111001010000000000101010000000000001100101111111111001111
11111111000000101111111110100000111111110100111011111111101010110000000000000001000000001000111000000000010011000000000000000001
11111111000111101111111110100001111111110001001011111111110010101111111101011011000000001100000100000000000101010000000000101011
11111111110011101111111101100101111111110011001111111111111010111111111101110111000000001010000011111111111100111111111111101101
11111111000100111111111110100110111111110001111111111111110010011111111101101000000000001111001100000000010000010000000001000010
11111111000100111111111111000100111111110111101011111111101010100000000001000011000000000010110000000000010110100000000000011000
11111111001001011111111111010110111111111001110011111111110100111111111110110110000000000100011000000000001111110000000000000010
11111110110011101111111111001011111111111010110011111111111011010000000000000011000000000111011000000000010110111111111111000010
11111110110010011111111111010101111111111000001100000000001010001111111111000111000000001100010000000000001011101111111110110101
11111110101001101111111110101110111111110101100111111111100011111111111101011111000000001001001100000000010010000000000000001110
11111111011101111111111111011011111111110011000111111111111100010000000000000011000000000011001111111111111011010000000000101100
11111111001101111111111110100011111111110011111011111111111010100000000000000010000000000111000100000000000010011111111111111011
11111110111110001111111110100100111111101111001111111111101111101111111110111000000000001000000100000000000111100000000000101110
11111111000000001111111111101111111111111100100000000000000100001111111111110001000000000000111011111111111111101111111110001011
11111110100110111111111110101001111111110101111000000000001111111111111110011100000000001100100100000000000101101111111110010010
00000000000000000000000000000000000000000000000000000000000000000000000000000000000000000000000000000000000000000000000000000000
00000000000000000000000000000000000000000000000000000000000000000000000000000000000000000000000000000000000000000000000000000000
11111111010111111111111110011110111111111000111111111111110100101111111110000011000000001010101000000000001010011111111111111101
11111111000101101111111111110010111111111110100111111111111010010000000000110110000000000110101100000000011010011111111111101001
11111110110110100000000000001010111111111100100000000000001110100000000001110101000000000100111100000000001000111111111110100111
11111111100000001111111111100111111111110111010000000000001000110000000000010100000000000100001011111111110111001111111111101010
11111111000101011111111111011111111111111010110000000000010001100000000000000001000000001010110100000000001001001111111111000111
11111110101011001111111110110100111111110111011100000000000111111111111110111001000000001000100100000000000000001111111110001001
11111110101101001111111111101011000000000000100011111111111001111111111111110000000000000110100000000000011001001111111110110000
11111110111010011111111111110101111111111000111100000000001100010000000000100001000000000010010011111111111001101111111110100110
11111111010110110000000000001110111111111011010000000000010010010000000001110000000000000010010111111111111011111111111110111111
11111111000110101111111101111010111111110100101111111111100010001111111100101010000000001100000000000000010110100000000000101111
11111111011100111111111110011111111111111100001100000000100001011111111111010110000000001011101011111111111101101111111101011100
11111110111000001111111111001101111111111010010011111111101000111111111110001011000000001000000000000000011011000000000000000000
11111110011100111111111111011011111111111011100111111111111011011111111111000100000000001000000100000000010101011111111110010001
11111111010000101111111111010100111111111010010011111111110110111111111111110110000000000111001100000000001010111111111111010101
11111111010001011111111110111100111111111100000111111111111100010000000000011101000000000001111000000000000000101111111110101111
11111111000100011111111111000000111111110110110100000000000011000000000000001001000000001011001100000000001011001111111111001110
00000000000000000000000000000000000000000000000000000000000000000000000000000000000000000000000000000000000000000000000000000000
00000000000000000000000000000000000000000000000000000000000000000000000000000000000000000000000000000000000000000000000000000000
11111110110011101111111110100100111111111010001011111111111100001111111111010100000000001001010100000000001010101111111110100000
11111110111000011111111111101100111111111010010011111111110000101111111111111111000000000101001100000000010000111111111111101100
11111111011100011111111101111111111111101111111100000000001101001111111101100100000000001101101011111111110111001111111111100110
11111111000001110000000000001000111111111001110111111111111000110000000001010101000000000011010000000000001001110000000000000010
11111111000100101111111111000001111111110011110111111111101101111111111110001000000000001000100100000000001010100000000001000111
11111111011001101111111110010011111111110101101011111111100011011111111100101111000000001100010100000000001111110000000001000111
11111111000010011111111111000010111111111010011100000000000010010000000001000001000000000100010000000000001010101111111110101000
11111110111011111111111111111100111111111101000111111111111100100000000000011000000000001000000000000000011010001111111111011110
11111111011010101111111110110110111111110100100111111111101100111111111111010011000000000000011111111111111010010000000000010101
11111111000010011111111111011101111111111010101011111111110110110000000000011111000000001001001100000000011000011111111111101010
11111111011001001111111111111110111111111001110000000000000100011111111111101100000000000100111100000000000101010000000000001001
11111111011011011111111111000011111111111010110000000000100111010000000000101100000000001000111111111111110110011111111101011011
11111110110111001111111111000111111111110011101111111111111110111111111111110101000000001010010000000000001011011111111111101011
11111111001010101111111110110111111111111010101100000000011000010000000000101001000000000101111111111111110100111111111101010010
11111111000101001111111110110111111111110100011100000000000011011111111111100111000000000111101100000000000011001111111111100001
11111110111000110000000000001110111111111110011000000000011100100000000010000011000000000001010111111111111001011111111101010101
00000000000000000000000000000000000000000000000000000000000000000000000000000000000000000000000000000000000000000000000000000000
00000000000000000000000000000000000000000000000000000000000000000000000000000000000000000000000000000000000000000000000000000000
11111111010111111111111110010000111111110011101000000000000000101111111111000100000000001011010000000000000010111111111111111000
11111110111010000000000000010011000000000011100011111111111111111111111111111010000000000001001100000000001010111111111110100001
11111110011101100000000000010001111111111100010011111111111011100000000000111101000000000011100000000000001011111111111111001000
11111110110111101111111110111111111111110100110111111111110001101111111110100110000000000101001111111111111111011111111111010010
11111110111001001111111110101100111111110010000111111111100000011111111110001101000000001010100000000000010110100000000001101000
11111111001001111111111111100100111111110110000000000000001010111111111111011100000000000110001011111111111011101111111111001111
11111111011101011111111110011010111111110100010000000000001000001111111110000010000000001000111011111111110011111111111111000101
11111111000111101111111111101010111111111110011100000000010101110000000000111001000000000111100000000000000111001111111101111011
11111111010001001111111110001000111111110110010111111111110001001111111110100000000000001010111100000000010011010000000000001010
11111111000100001111111101111111111111101110110111111111101101101111111101111110000000001001110100000000000001010000000000000111
11111111010001101111111110000001111111110100111111111111100011001111111101101011000000001101000100000000011000110000000000111001
11111111010110111111111101111001111111101110110111111111111111001111111100111011000000001101101011111111111011100000000000000100
11111111010001111111111111111100111111111000100000000000011001000000000000111111000000000001101111111111101110101111111110001100
11111111110001011111111111011011111111111100001000000000001000100000000000001000000000000000011111111111110011001111111110101110
11111110111000011111111111111110111111110111111100000000000000011111111111010011000000000101011000000000000000011111111111000010
11111111000011101111111110001101111111111001011011111111110111101111111101111100000000001000100100000000001011101111111111001001
00000000000000000000000000000000000000000000000000000000000000000000000000000000000000000000000000000000000000000000000000000000
00000000000000000000000000000000000000000000000000000000000000000000000000000000000000000000000000000000000000000000000000000000
11111111000100101111111110010110111111110110110011111111100011011111111111011101000000000011011100000000001101000000000000001101
11111110111110011111111111100011111111111001011111111111110001011111111110110110111111111111001000000000000001001111111111010101
11111111010001011111111111011001111111111010001100000000000100110000000001000111000000000010000011111111111011001111111110100000
11111111000100101111111111100111111111111011010000000000001100011111111110011100000000000110000011111111111011111111111110011101
11111110111111101111111111111011111111111111000111111111111110111111111111010000000000000011000000000000001000101111111110100010
11111110011000011111111111001001111111110110000111111111100111001111111111100011000000001001010100000000100001110000000000100001
11111111000100011111111111011011111111111010010011111111011000000000000000011000000000000011101100000000100001000000000001001101
11111110111110011111111111101101111111110111101111111111011111101111111111010000000000001000001100000000100001010000000001100000
11111110100101101111111111010100111111110010010111111111100100001111111101000010000000001000101000000000010001000000000001000000
11111111010111101111111111100111111111111010011100000000001101011111111111011110000000000010001111111111110010001111111111001100
11111111010000101111111110011110111111110100110011111111111110101111111101010011000000001001001000000000000000111111111111111111
11111110111111011111111111001111111111111100101000000000000000101111111111000001000000000100001000000000001011011111111110100111
11111110111011011111111110001010111111110111101111111111111011001111111110110110000000000110101100000000001000001111111110101110
11111111000001011111111110100010111111110000001011111111100001111111111101001010000000001110111100000000011000000000000001111000
11111110100101010000000000000010111111111011111000000000001011001111111111011100000000000111100100000000001101011111111110111000
11111111010001001111111111110101000000000010101100000000000101100000000001010111000000000011001000000000010001101111111110101101
00000000000000000000000000000000000000000000000000000000000000000000000000000000000000000000000000000000000000000000000000000000
00000000000000000000000000000000000000000000000000000000000000000000000000000000000000000000000000000000000000000000000000000000
11111111000001011111111110100000111111110011001011111111110010101111111101110000000000001000011100000000000001000000000000011110
11111111001010111111111111110011111111111010111100000000001001010000000000111000000000001001010000000000010000111111111111001100
11111111010111001111111110110110111111110111111100000000001111010000000000000010000000001011000000000000000011011111111111000011
11111111000100011111111111110010111111110111101011111111111100111111111111100001000000000001100011111111111100001111111111101000
11111111001001011111111111100010111111111001010111111111110010000000000000111000000000000100011100000000001111101111111111100001
11111111011000001111111110100100111111110100110100000000001000111111111110111111000000001100101100000000000100001111111111101011
11111111100010011111111110011010111111111000101011111111111111001111111110010011000000001000100100000000000000101111111111011000
11111111000110101111111111011111111111111000001100000000000011010000000000110101000000000010000111111111111010001111111110110101
11111111001001011111111110101111111111110100001011111111110001101111111110100001000000000110101100000000000001111111111111111011
11111110110010001111111111001101111111110100111100000000000000010000000000010000000000000011111000000000000010011111111111100000
11111110101111001111111110100001111111111001000011111111111100101111111110001010000000010000111000000000011100001111111111001111
11111110101110111111111111010101111111111010100111111111111100011111111111101010000000000101011000000000001011011111111110110111
11111111000000001111111111011111111111110110110011111111011010011111111111010111111111111110110100000000001011000000000000110100
11111111000101101111111111100111000000000000100000000000000110000000000001001100000000000110110100000000011001001111111110010100
11111111000111001111111111000001111111110001101111111111101111101111111101101000000000001011110000000000000111010000000001001000
11111110011100001111111111000111111111110011000111111111101011011111111110110100000000000110000000000000001101010000000000000000
00000000000000000000000000000000000000000000000000000000000000000000000000000000000000000000000000000000000000000000000000000000
00000000000000000000000000000000000000000000000000000000000000000000000000000000000000000000000000000000000000000000000000000000
00000000000000000000000000000000000000000000000000000000000000000000000000000000000000000000000000000000000000000000000000000000
00000000000000000000000000000000000000000000000000000000000000000000000000000000000000000000000000000000000000000000000000000000
00000000000000000000000000000000000000000000000000000000000000000000000000000000000000000000000000000000000000000000000000000000
00000000000000000000000000000000000000000000000000000000000000000000000000000000000000000000000000000000000000000000000000000000
00000000000000000000000000000000000000000000000000000000000000000000000000000000000000000000000000000000000000000000000000000000
00000000000000000000000000000000000000000000000000000000000000000000000000000000000000000000000000000000000000000000000000000000
00000000000000000000000000000000000000000000000000000000000000000000000000000000000000000000000000000000000000000000000000000000
00000000000000000000000000000000000000000000000000000000000000000000000000000000000000000000000000000000000000000000000000000000
00000000000000000000000000000000000000000000000000000000000000000000000000000000000000000000000000000000000000000000000000000000
00000000000000000000000000000000000000000000000000000000000000000000000000000000000000000000000000000000000000000000000000000000
00000000000000000000000000000000000000000000000000000000000000000000000000000000000000000000000000000000000000000000000000000000
00000000000000000000000000000000000000000000000000000000000000000000000000000000000000000000000000000000000000000000000000000000
00000000000000000000000000000000000000000000000000000000000000000000000000000000000000000000000000000000000000000000000000000000
00000000000000000000000000000000000000000000000000000000000000000000000000000000000000000000000000000000000000000000000000000000
00000000000000000000000000000000000000000000000000000000000000000000000000000000000000000000000000000000000000000000000000000000
00000000000000000000000000000000000000000000000000000000000000000000000000000000000000000000000000000000000000000000000000000000
00000000000000000000000000000000000000000000000000000000000000000000000000000000000000000000000000000000000000000000000000000000
