#time0col7[msb-lsb],time0col6[msb-lst],....,time0col0[msb-lst]#
#time1col7[msb-lsb],time1col6[msb-lst],....,time1col0[msb-lst]#
#................#
00000000000000000000000000000000000000000000000000000000000000000000000000000000000000000000000000000000000000000000000000000000
00000000000000000000000000000000000000000000000000000000000000000000000000000000000000000000000000000000000000000000000000000000
00000000000000000000000000000000000000000000000000000000000000000000000000000000000000000000000000000000000000000000000000000000
00000000000000000000000000000000000000000000000000000000000000000000000000000000000000000000000000000000000000000000000000000000
00000000000000000000000000000000000000000000000000000000000000000000000000000000000000000000000000000000000000000000000000000000
00000000000000000000000000000000000000000000000000000000000000000000000000000000000000000000000000000000000000000000000000000000
00000000000000000000000000000000000000000000000000000000000000000000000000000000000000000000000000000000000000000000000000000000
00000000000000000000000000000000000000000000000000000000000000000000000000000000000000000000000000000000000000000000000000000000
00000000000000000000000000000000000000000000000000000000000000000000000000000000000000000000000000000000000000000000000000000000
00000000000000000000000000000000000000000000000000000000000000000000000000000000000000000000000000000000000000000000000000000000
00000000000000000000000000000000000000000000000000000000000000000000000000000000000000000000000000000000000000000000000000000000
00000000000000000000000000000000000000000000000000000000000000000000000000000000000000000000000000000000000000000000000000000000
00000000000000000000000000000000000000000000000000000000000000000000000000000000000000000000000000000000000000000000000000000000
00000000000000000000000000000000000000000000000000000000000000000000000000000000000000000000000000000000000000000000000000000000
00000000000000000000000000000000000000000000000000000000000000000000000000000000000000000000000000000000000000000000000000000000
00000000000000000000000000000000000000000000000000000000000000000000000000000000000000000000000000000000000000000000000000000000
00000000000000000000000000000000000000000000000000000000000000000000000000000000000000000000000000000000000000000000000000000000
00000000000000000000000000000000000000000000000000000000000000000000000000000000000000000000000000000000000000000000000000000000
00000000000000000000000000000000000000000000000000000000000000000000000000000000000000000000000000000000000000000000000000000000
00000000010000000000000001100011111111111110110111111110111111101111111100100110000000000001011111111111110010001111111111110001
11111111011100110000000010010010111111111101011111111111000001011111111011111010111111111001100000000000001101011111111110010001
11111111111111000000000000011011111111111001010111111111100011011111111110100110111111111110000100000000001100011111111110000110
11111111001001010000000010001001000000000000001111111111011110011111111100101111111111111001101000000000001111001111111111011101
11111111111011100000000000001100111111111000110011111111110111111111111110100111000000000101101000000000000000010000000000000000
11111111111100110000000001000010111111111111101011111111001100011111111101010101000000000011001111111111110100011111111110011010
00000000000011110000000000001010111111111000111011111111100000011111111111010011000000000110001100000000000110100000000000000000
00000000000100010000000001000100111111111011000111111110111011101111111100100000111111111110000011111111111110001111111110110000
00000000000000100000000001101011111111111100100011111110111000011111111011011000000000000010100111111111110000111111111101111110
00000000000010110000000000101001111111111000011111111111000010101111111100111111111111111001111100000000001001111111111110111100
11111111111000110000000010001101111111111110011111111110110101001111111011011010000000000111011011111111101101101111111101001111
11111111101000111111111111100100111111111001101111111111011001001111111110110111000000000010000000000000001001111111111111110111
11111111111110110000000000011011111111111001110111111111000101001111111101001100111111111001001100000000001000101111111111010011
11111111111100100000000000001001111111111000010111111111100101111111111110010001000000000010111100000000000011011111111110011001
11111111101011110000000010011101111111111110001111111111010100011111111100101110000000000001011100000000000011101111111110110100
11111111111001111111111111001100111111110101101011111111001100001111111110101101111111111011111000000000010011011111111111001111
00000000000000000000000000000000000000000000000000000000000000000000000000000000000000000000000000000000000000000000000000000000
00000000000000000000000000000000000000000000000000000000000000000000000000000000000000000000000000000000000000000000000000000000
11111111101111110000000000101100111111111000001111111111010111011111111110100000111111111000101000000000011101011111111111011001
11111111100101100000000001100000111111111010110111111110101011001111111011001000111111111110101011111111111111101111111101010110
00000000000100111111111111101010111111111010000111111111010011001111111110010011111111111110011000000000000001111111111111001111
11111111111100000000000000000011111111111010110111111111100011001111111101111100111111111100100000000000000010101111111111110001
11111111100100010000000001011000111111111100100011111111010101111111111100101001000000000101001011111111111011001111111111110010
00000000000011011111111111100111111111110110011011111111001010111111111110000101111111111011111100000000001100101111111111111111
11111111101111110000000010000001111111111111011111111111010101101111111100100101000000000000000011111111111100011111111111101010
00000000001011010000000000100110111111111000100011111110111111011111111101100010111111111101110100000000000111101111111111011001
11111111110001110000000010000101111111111111001011111111000011111111111011101110111111111101111011111111111010001111111111001010
00000000000001010000000010000001111111111100010111111110110011101111111011001100000000001000001111111111101011101111111101101101
11111111110101010000000001101001000000000011000111111111001110001111111100010100000000000010010011111111101011000000000000011101
11111111011101110000000001101100111111111110110011111110111110101111111010111100111111111010000111111111111011101111111101001000
11111111111101000000000000101111111111110101011011111110111101001111111100111011000000000010000100000000001001001111111110111010
00000000010110100000000000111110111111110110001111111111010110111111111101101100000000000001100000000000000110001111111110101011
00000000000111010000000001100001111111111100010011111111011110001111111101110010000000000101100111111111111011110000000000001101
00000000000001110000000001010110111111111101010111111111001100011111111100100110000000000010010011111111110101001111111111111011
00000000000000000000000000000000000000000000000000000000000000000000000000000000000000000000000000000000000000000000000000000000
00000000000000000000000000000000000000000000000000000000000000000000000000000000000000000000000000000000000000000000000000000000
00000000000100101111111111110001111111111010010111111111001111001111111110011010000000000010011011111111111110110000000001001111
11111111110110100000000001111010000000000000011111111111010000111111111101011110111111111110101000000000000010001111111111110001
00000000000001110000000011001100111111111100101011111111001010001111111011001101000000000000110011111111111010111111111110000011
11111111101110010000000001111000111111111101100111111111010110001111111100011010000000000010011111111111111011001111111111110110
11111111101110100000000001011011111111110101000011111110111001001111111011100011111111111010110000000000010000101111111101001010
00000000010010110000000000010011111111111010011111111110111111011111111101001101000000000010100111111111110101011111111111000011
00000000001000000000000000001001111111111010111111111111001111111111111101111001000000000001100011111111111011100000000000011111
00000000001001000000000001000000111111111100011111111111100000001111111110100101000000000001001000000000000011100000000000001011
11111111111100000000000000111011111111111100100011111111010000001111111101000110111111111100110000000000000000011111111111101011
11111111100101100000000000100001111111111101100111111111011100011111111110000111111111111100111100000000001000101111111110010101
11111111111111100000000001010000111111111110001111111111010100001111111100111000111111111101111011111111111010001111111111101010
11111111111111000000000010001010111111111001111111111110110001001111111011000110000000000000100111111111111100001111111110011000
00000000010000100000000000100010111111111000101011111111011010111111111101011101000000000101100011111111110110110000000000110110
11111111101110110000000000001001111111110111010011111111000000001111111100111011111111111110100000000000001000001111111110010100
00000000001110100000000001000001111111111011111111111111001111001111111101110001000000000001110111111111111101001111111111000100
11111111111011100000000000110000111111111000000111111111010001101111111101110111111111111101100100000000001111001111111100111011
00000000000000000000000000000000000000000000000000000000000000000000000000000000000000000000000000000000000000000000000000000000
00000000000000000000000000000000000000000000000000000000000000000000000000000000000000000000000000000000000000000000000000000000
11111111110100010000000000000100111111110111010011111111011000011111111110100011111111111101111000000000010010101111111110100100
11111111110000100000000001111100111111111101101011111111001001111111111011111001111111111101110111111111111101101111111111101000
00000000000110100000000000010101111111111100101111111111011011111111111111000011000000000101000011111111111110010000000001000001
11111111101011100000000010000110111111110111101011111110111010001111111011011010111111111101110100000000001011101111111101001000
11111111011000010000000010111100000000000001000011111110110001001111111100000001111111111010100100000000001101111111111101001001
11111111001100110000000001110110111111111101011111111111010001011111111100010110111111110111000000000000010011011111111101100101
00000000011001101111111110110011111111110100000011111111010011011111111110110011000000000101011111111111111110011111111111010101
11111111011110110000000010010111111111111101101111111111000010101111111011101011111111111100101100000000000110011111111101110000
11111111101011110000000001011101111111111010111011111111010101001111111100100011111111111001100000000000001011011111111110111110
11111111111011110000000000100001111111111100011111111111000100011111111100110001111111111110110011111111111001001111111101000111
11111111111011110000000001100101000000000001001011111111000101001111111100110110000000000001010111111111110100101111111111000011
11111111111111010000000000010000111111111110010011111110111001101111111101010111000000000100100111111111110001101111111111001001
00000000001110110000000000011010111111111110100111111111010010001111111101110001000000000001001111111111110010011111111110110101
11111111111101010000000001100011111111111000011111111111010001111111111011111110000000000011001011111111111011011111111110111010
00000000010100101111111111010000111111111000111011111111011100011111111110101000000000000010110011111111111000111111111110101111
11111111011011010000000010111110111111111110111111111111000110111111111011001111000000000001101111111111111110011111111101010100
00000000000000000000000000000000000000000000000000000000000000000000000000000000000000000000000000000000000000000000000000000000
00000000000000000000000000000000000000000000000000000000000000000000000000000000000000000000000000000000000000000000000000000000
11111111111010100000000010101011000000000000000011111111000111001111111011010101000000000001011011111111110001111111111111011000
11111111100000010000000000100010111111111010010011111111011001001111111101101010000000000000101000000000001001011111111111110010
11111111100111110000000010001001000000000000101111111111010011001111111011111010111111111111100011111111110111011111111101110101
00000000001010000000000001010001111111111000111011111111001100111111111100110110111111111111100100000000000001111111111101100010
00000000001001110000000000111000111111111010100011111111100000111111111101101101111111111101000000000000000011101111111110111010
00000000010100110000000000010001111111110110100011111111011011101111111101111010000000000010110011111111111111111111111110000111
00000000000100100000000000111110111111111010110111111111101010111111111110001101000000000101000011111111111110010000000000111010
11111111011100110000000000111001111111111011010111111111100100111111111110101011000000000000010000000000010011010000000000100101
11111111010111110000000010011101111111111101111111111111000110011111111100010100111111111111101000000000001010011111111101111000
11111111110001110000000000110010111111111101110111111111001101001111111101011100000000000101100011111111110111101111111110111010
11111111111101110000000001010100111111111010111111111111010011111111111100110000000000000111101111111111110100111111111111010011
11111111101110010000000010001100111111111100000111111111011000111111111100011000000000000001010000000000000001111111111110000111
11111111110100000000000000100000111111111110011011111110111110001111111101101101000000000000001111111111111110111111111111101001
11111111110110101111111111110110111111111111001111111111100000011111111110000110000000000000000011111111110101111111111111000111
11111111100010100000000001011000111111111101100011111111010011101111111100000001111111111100100111111111111110101111111110100001
11111111101001100000000001110110111111111011101111111111011000111111111100101010111111111111001100000000000110101111111111010011
00000000000000000000000000000000000000000000000000000000000000000000000000000000000000000000000000000000000000000000000000000000
00000000000000000000000000000000000000000000000000000000000000000000000000000000000000000000000000000000000000000000000000000000
00000000001000101111111111000100111111110110111011111111110110011111111111100011000000000010101000000000000100100000000000110000
11111111101001110000000010000000111111111100110111111110110001001111111011001101000000000000100111111111111011011111111101110011
00000000001011010000000010001010111111111100010011111110110101011111111011001000000000000000010011111111110011011111111110001001
11111111110110100000000001011110111111111101101011111111011100101111111100101100111111111010111000000000000000101111111111001010
11111111111110110000000000000011111111111011101011111111111000011111111110101011000000000101011011111111111000100000000001100111
00000000000010110000000010110000000000000011101011111110101011001111111010100001000000000000011011111111100101011111111110001101
00000000001000010000000000011011111111110111110011111110110100001111111100111011000000000100101011111111111011111111111110101100
00000000001000010000000001100011111111111010010111111110101110101111111100001011000000000000110011111111111101111111111101110010
11111111110011110000000001111001000000000000010011111111010100011111111100101010111111111111101111111111111001101111111111010110
00000000001010000000000000110100111111111000111111111111000100001111111100010100111111111100101111111111111101111111111101001110
11111111011000010000000010100010111111111111000011111111010000011111111011100010111111111100011100000000000011101111111101000001
00000000001001010000000001000010111111110110111011111110101101001111111100000100111111111010101100000000001000001111111101100100
11111111110100000000000000001100111111111011110111111111010101111111111101111001111111111110100000000000000010101111111110101010
00000000010110110000000000100010111111110110110111111111001011111111111100111101000000000010111111111111111001110000000000000110
11111111101000110000000000111110111111111101001011111111011100101111111101010010111111111100111100000000000100101111111111110010
11111111101110110000000010101010000000000000011011111110110011001111111011011010000000000001111011111111110111001111111101100000
00000000000000000000000000000000000000000000000000000000000000000000000000000000000000000000000000000000000000000000000000000000
00000000000000000000000000000000000000000000000000000000000000000000000000000000000000000000000000000000000000000000000000000000
11111111101111000000000010001110111111111110011111111110110100001111111011101010111111111011011100000000000010011111111110001000
00000000001110010000000000001010111111111110011011111111010100001111111110000100000000000000111011111111110011110000000000000100
11111111110111110000000010011110111111111001101111111111001000101111111100001100000000000010111000000000000101011111111110001000
11111111011110000000000001010000111111111011101111111111110100001111111110010010000000000000001000000000001111010000000000010110
11111111100100000000000000100101111111110111110111111111000001001111111100110001111111111100000000000000001111001111111110101100
11111111110100100000000000000001111111111100001011111111011110111111111101100011111111111101001011111111111101101111111111101111
11111111110000110000000000010100111111111100010111111111100110011111111110001100000000000011111011111111111101000000000000100101
00000000001000010000000000011101111111111011010111111111110101111111111111010001000000000010000100000000000100000000000000101101
11111111101000010000000001010000111111111001011111111111100000011111111101001010000000000010010100000000000110111111111110110011
00000000010001110000000001111100111111111101001111111110110011101111111011011010000000000000111111111111101111101111111110110000
00000000010000010000000001100001111111111100110011111111000101101111111011111001000000000000001011111111110000101111111110110010
11111111110110010000000011001001111111111010101011111110110110111111111010101101111111111110011100000000000011011111111110010101
11111111110110010000000011000010111111111111100111111111000010101111111011101001111111111101000100000000000000001111111110011111
11111111111100100000000000110001111111110111011111111111011010011111111100110111000000000000011000000000000010001111111110000101
00000000001011010000000000010001111111111000101011111110111001011111111101010100000000000100001011111111111011011111111111110100
11111111100011000000000001111000111111111101010111111111011110011111111100101011000000000010000100000000000000101111111101101000
00000000000000000000000000000000000000000000000000000000000000000000000000000000000000000000000000000000000000000000000000000000
00000000000000000000000000000000000000000000000000000000000000000000000000000000000000000000000000000000000000000000000000000000
11111111101100100000000011010101000000000000101011111111010100011111111011110100111111111110100100000000000000001111111110101010
11111111101010100000000000110110111111111011001011111111111001111111111110100000000000000001001100000000001001100000000000101111
11111111110111100000000001110011000000000000101011111111000101111111111100010001111111111100100011111111111001011111111111010001
11111111110000110000000001000111111111110110110011111111010000011111111101011101111111111100010100000000010110001111111101001111
11111111110000100000000001011001000000000010001111111111100001101111111101110110000000000000101011111111111010001111111110110011
11111111110101100000000010110101111111111110111011111111010101011111111011010101111111111011110111111111111100001111111101010011
11111111110110000000000000010111111111111011111111111111111000011111111110000101000000000000000111111111111110000000000000101001
11111111011100100000000001011110111111111010101111111111101100011111111101011010111111111011010000000000010010111111111110111001
11111111101111110000000010101001111111111011000111111111001010111111111011001101111111111110100000000000000001111111111101110101
11111111110110100000000000100100111111111000101111111111001010011111111100110000111111111110011000000000000011001111111110000001
00000000000110010000000000010011111111111001110111111110111000011111111101100111000000000000100100000000000001110000000000001011
11111111100011010000000010010111000000000001100111111111000010101111111011111001000000000011101111111111110101011111111110101000
00000000011100000000000000001000111111110111000011111110111111101111111101010011000000000000010111111111111100111111111110101101
11111111101010110000000001101010111111111110000011111111011000001111111100010010111111111111000111111111111100001111111111000010
11111111100101100000000010101111111111111111001111111111000101101111111100000011000000000000101100000000000010001111111110011000
11111111111110010000000010101000000000000001010111111110111000001111111011011101111111111111010011111111110011011111111101111011
00000000000000000000000000000000000000000000000000000000000000000000000000000000000000000000000000000000000000000000000000000000
00000000000000000000000000000000000000000000000000000000000000000000000000000000000000000000000000000000000000000000000000000000
11111111110100011111111111111111111111111100010011111111001100111111111110000001111111111011110100000000000101110000000000000011
11111111111000010000000000100001111111111001011111111111001011001111111101011001111111111101010000000000000111111111111101001010
11111111110011010000000001101101111111111011000011111110110001001111111010110111111111111011001111111111111101111111111100010110
11111111110101001111111111100101111111111001111011111111010101111111111110011111111111111011011000000000001011011111111110100101
00000000001001111111111111101101111111111000000011111111000100011111111110000001111111111111000100000000000100001111111111100001
11111111110000110000000010101101111111111101011111111110110110111111111011111101111111111010100100000000001011101111111100110101
11111111100010010000000010000001111111111000000111111111001110111111111100000111111111111010110100000000010100001111111100100001
11111111111000100000000000101001111111111001010111111111001101101111111101001001111111111101110000000000000101111111111111100000
11111111011011000000000000001001111111111000011111111111001010101111111101000100111111111010010000000000010000011111111110111111
11111111110011010000000001010110111111111101100111111111001111101111111101110111000000000000010100000000000110101111111110001001
11111111101001110000000001100101111111111011110111111110110110001111111011110111111111111010100100000000000111011111111110011010
11111111111011010000000000110110111111110110000111111111011000101111111101100000000000000001001100000000001011101111111111001110
11111111101101000000000001101001111111111101100011111111100101011111111101001010000000000110100111111111111001010000000000100010
00000000001001000000000001110100111111110110011011111110111011011111111100101100111111111111000100000000001110001111111110101011
00000000000011111111111111111100111111110110010011111111010111011111111110110010000000000000110100000000001110000000000000001011
11111111110011010000000000011100111111111000011011111111100110001111111110001011000000000000011100000000001010101111111110011001
00000000000000000000000000000000000000000000000000000000000000000000000000000000000000000000000000000000000000000000000000000000
00000000000000000000000000000000000000000000000000000000000000000000000000000000000000000000000000000000000000000000000000000000
11111111111001100000000000011010111111110100011111111111010000001111111101000000000000000001101100000000001000000000000000000000
11111111111011110000000000010111111111111101000111111111011001001111111110010011111111111100100100000000000100111111111111110000
11111111110100110000000001101010111111111000001111111110101001101111111011000101000000000000111111111111111111011111111101110011
11111111111000110000000001100000111111111011101111111111000110011111111101000101111111110110000100000000010001101111111101011010
00000000001011100000000001001000111111111011101111111110111101001111111011101000000000000000111011111111101110111111111101011000
11111111011110110000000001101000111111111011010111111111010001011111111100110011000000000000011000000000001001101111111110100100
00000000010000000000000001101111111111111100101111111110110111101111111011010101000000000101011011111111101000101111111110111000
00000000001001111111111111111101111111111001001111111111011100111111111110101001000000000010001100000000000001111111111111001111
11111111011100100000000001011100111111110111100011111111010000101111111100010000111111110111111100000000010111001111111101111000
00000000001100100000000001110001111111111101001011111110110011111111111011010111111111111111111111111111110000101111111110000101
11111111111110010000000000100100111111111000000011111111000001111111111101000001111111111000110000000000001101011111111101100100
00000000001101000000000001101011111111111100000011111111000100001111111100100111000000000110001011111111110011111111111101111110
11111111100001110000000001001010111111111101101011111111010100001111111110000111000000000010011000000000001001001111111111010011
11111111101000000000000001011011111111111110101111111111000001001111111100010000111111111100100111111111111111101111111111001101
11111111100100100000000010011001000000000000111111111111000101001111111100000000111111111101001111111111111111101111111101011011
11111111110011010000000001101001111111111011000011111111011110111111111100111010111111111110000100000000000110101111111110101100
00000000000000000000000000000000000000000000000000000000000000000000000000000000000000000000000000000000000000000000000000000000
00000000000000000000000000000000000000000000000000000000000000000000000000000000000000000000000000000000000000000000000000000000
11111111111010000000000001010010111111111111000011111110111001011111111100101110000000000010011011111111110110101111111110000101
11111111101111010000000011010010111111111110110011111110110011101111111001111010000000000010001111111111110001001111111100100000
11111111101001010000000001011011111111111110000111111111000101101111111100011111000000000001111111111111111011011111111110111100
11111111101000110000000001101010111111111100011011111111010110101111111100110011111111111111110100000000000100100000000000000101
11111111110010101111111111101000111111111010110011111111111011011111111110101100000000000010011111111111111110000000000001010001
11111111100010010000000010011010111111111111001111111111010010101111111100011001111111111100100100000000000111000000000000001001
11111111110110001111111111101101111111111100010111111111000001001111111101011101111111111011110111111111111111001111111101101000
00000000010011011111111111100001111111111010000011111111010000111111111110000100111111111110101111111111111010011111111110111100
00000000000111100000000000111010111111111010100111111110111100111111111100100010111111111110000011111111111101001111111110000101
11111111111000110000000010001011111111111010000011111111000101101111111100011010111111111101111000000000001010111111111111001011
00000000000001110000000010010010111111111101010011111110111010011111111011001011000000000101001011111111101110011111111110101000
11111111100100101111111111010100111111111001011111111111100000001111111111010000111111111010101100000000010101101111111111010000
11111111010110110000000001010101111111111100010111111111010010001111111100110000111111111010100000000000001110001111111110001101
11111111101010001111111111111111111111111000100111111111000101111111111101010001111111111100011000000000001010011111111110110111
00000000011011011111111111101010111111110101111011111111001110001111111110000110000000000101010111111111111010111111111110100110
11111111111000100000000001111011111111110110001011111110111100111111111011011000111111111001110100000000001110011111111110000010
00000000000000000000000000000000000000000000000000000000000000000000000000000000000000000000000000000000000000000000000000000000
00000000000000000000000000000000000000000000000000000000000000000000000000000000000000000000000000000000000000000000000000000000
11111111101100000000000010101110000000000001100011111111100010111111111100010010000000000001001011111111111000011111111111101011
11111111111000010000000010000001000000000000110011111111001001101111111100110111111111111100100111111111111111101111111110010010
11111111101010000000000010000010111111111011010011111110111111001111111100101110111111111001001100000000010100111111111101001110
11111111100010100000000000100111111111111010111111111111100110101111111110110001111111111100100000000000010101101111111111010100
11111111100001010000000010110110111111111101101111111111010001011111111100010111111111110110000000000000010110101111111110010010
11111111111000110000000010000110111111110111100011111110111111011111111011011100111111111111110100000000000101001111111101110111
00000000001011100000000010110101111111111110111111111110111010001111111011010011000000000000101011111111110011001111111101011110
11111111110101100000000000101110111111110110100111111111000110101111111101010101111111111100100100000000010001111111111101100001
11111111101000010000000000100100111111111010001011111111011011101111111110110011111111111001111000000000011010101111111110011011
00000000000011100000000001010110111111111110101111111111010010101111111100000110000000000010110111111111101011001111111111111000
11111111110101000000000001100000111111111001010111111111101100001111111101010011111111111010001100000000001111101111111111011111
00000000011011000000000000110111111111111100110111111111000101001111111100111001000000000101110011111111101010011111111111100010
00000000100000000000000001010000111111110111110111111110110001001111111100000001000000000101110011111111110010001111111110011111
11111111111011110000000001011011111111111110001111111111011010101111111101110100000000000111011111111111111000010000000000001101
11111111101111110000000001100000111111111101001111111111010110001111111100101001000000000000101011111111111100111111111101100111
11111111100110000000000001111100111111111100100011111111001111011111111100111100111111111110100100000000001011011111111111011011
00000000000000000000000000000000000000000000000000000000000000000000000000000000000000000000000000000000000000000000000000000000
00000000000000000000000000000000000000000000000000000000000000000000000000000000000000000000000000000000000000000000000000000000
11111111101110000000000011010101111111111101111011111111000010011111111010101010000000000001010011111111111010001111111101110000
11111111111111100000000001100101111111111101011111111111000010001111111100110110000000000100000111111111111000111111111110101001
11111111100011110000000000011101111111110111011011111111101100001111111101111011111111111010001100000000010110010000000000100110
11111111100011010000000001111001111111111110101111111111000101111111111101001011111111111101010100000000001011111111111101110111
11111111101001000000000001101100111111111110001011111111001110011111111100100111111111111100010100000000000100101111111110111000
11111111110011000000000010011001000000000010110111111111100101101111111100101001000000000101010111111111101110010000000000111000
11111111111000110000000000011110111111111001100111111111000111001111111101000010111111111100100100000000000101001111111101101000
00000000000101100000000001011111111111111101110011111111000101001111111101010010111111111111001111111111111111101111111110111111
11111111110001111111111111100101111111111010100011111111011101101111111110001111000000000010011111111111111110011111111110110010
11111111110110000000000001110110111111111111011011111111001001101111111101000101000000000001000111111111111110011111111111010101
11111111111001110000000000001101111111111011011111111111100000001111111110111010111111111010110100000000001110111111111111011011
11111111101001100000000000111110111111110111010011111111101000001111111110000110111111111000101000000000011101011111111111001010
11111111101100000000000001000100111111111001011011111111000010111111111101000100111111111100111100000000001110101111111111000011
11111111101001000000000001110001111111111000010011111111011000001111111100101011111111111110010000000000001111011111111110000010
11111111101100000000000000011110111111111000011011111111001110011111111101010101111111111010001100000000010000011111111110100100
11111111110011100000000001011011111111110110111111111111000100101111111101000011111111111010111000000000010111001111111100110000
00000000000000000000000000000000000000000000000000000000000000000000000000000000000000000000000000000000000000000000000000000000
00000000000000000000000000000000000000000000000000000000000000000000000000000000000000000000000000000000000000000000000000000000
11111111011000100000000001100110111111111100111111111111011111111111111100111110111111111010011100000000001110101111111111011001
00000000001110100000000010101001111111111110100111111111000111001111111100000011000000000001111111111111110101001111111101001100
11111111101010010000000011100011111111111101111011111110101001111111111010110100111111111101011000000000000110111111111100000110
00000000000010010000000000110100111111111000010111111111001000001111111100111101000000001000101011111111110111111111111111001101
11111111100100110000000010000101000000000000001011111111000000101111111011110011111111111101000011111111111101111111111110101100
11111111111010111111111111111100111111110110011011111111010111101111111110100100111111111110000000000000010001111111111111100000
11111111110001000000000000100100111111111000010111111111101100111111111110000001000000000001000000000000001001010000000000010100
11111111111000010000000001110011111111111011000011111111010011101111111101001110111111111100011100000000001101001111111110100011
11111111110100000000000001001000111111111110010111111111010111101111111100101110111111111101111011111111111010001111111111011100
11111111101101110000000000100000111111111000111111111111010001001111111101000000000000000100001111111111111110101111111111111010
11111111110011110000000001110000000000000001011111111111011001101111111100100010000000000010110111111111101111110000000000011010
11111111101100010000000000011011111111111000010011111111100111101111111101110001111111111111000100000000001010100000000001000000
11111111110101101111111111100010111111110100001111111111011101011111111111001111111111111101111100000000011010101111111110111000
11111111111101111111111111101010111111111010001111111111110111011111111111100100000000000011101100000000000011101111111111110101
00000000001001010000000000101101111111110111100111111111001010111111111101111111000000000110011100000000000010111111111111101011
00000000000001010000000001101011111111111100010011111111010000011111111011101010111111111111010111111111110100101111111110010100
00000000000000000000000000000000000000000000000000000000000000000000000000000000000000000000000000000000000000000000000000000000
00000000000000000000000000000000000000000000000000000000000000000000000000000000000000000000000000000000000000000000000000000000
11111111101110010000000001001110111111111110011111111111000110011111111011110111000000000000010111111111110011011111111101011010
00000000011100101111111111010000111111110110101111111111001010001111111101111100000000000110100011111111110010111111111110011010
11111111110001000000000000101010111111111001111111111111011000001111111101111101000000000010011100000000000110111111111110100011
00000000001101000000000001000110111111110111111111111111011000111111111101100001000000000010001100000000000011001111111111010010
00000000011110000000000000110011111111111010000011111111001111001111111101100100000000000110100011111111110011011111111110111101
11111111110101010000000010001011111111111101100011111110100001001111111010110001111111111011000011111111111101001111111101000000
11111111111001110000000001010000000000000010111111111111000001111111111100111001000000000010110011111111101101011111111110011000
00000000000000010000000001001011000000000000111011111111000011101111111101011100000000000001111111111111110101101111111111101011
00000000001110100000000000101110111111111001010111111110111000001111111100101001000000000011110011111111110110111111111111010111
11111111101000100000000001011110111111111010111011111111100001111111111101011010111111111001110000000000010010011111111101110101
11111111111001000000000000101001111111111001101011111111011110011111111101001010111111111011010100000000000101111111111111010010
00000000011100111111111111111010111111110111101111111111001011111111111101010110000000000000011011111111110111111111111110010111
11111111111111100000000000110110111111111000110011111111000110011111111011110100111111111110001111111111111010101111111101101001
11111111101010110000000001111001000000000000000011111111001101011111111100100101111111111111101111111111111101000000000000100011
00000000000011100000000010000101111111111001010111111110110111001111111011111100111111111001001100000000001100001111111101010111
11111111111100110000000001110010111111111111110111111111010011101111111101000011111111111011100100000000000000001111111101100101
00000000000000000000000000000000000000000000000000000000000000000000000000000000000000000000000000000000000000000000000000000000
00000000000000000000000000000000000000000000000000000000000000000000000000000000000000000000000000000000000000000000000000000000
11111111100000000000000010010110111111111101001111111111001101111111111011100011111111111011110100000000000101011111111110000110
11111111110111100000000001000001111111111100000111111111010011011111111110010000111111111101001100000000001101011111111111101110
11111111011101010000000001111000111111111100101011111111100000011111111101010001111111111001001100000000010100101111111111010010
11111111111101110000000000001100111111111000010011111111001111001111111101111101000000000000001100000000000111011111111110011001
00000000000010000000000000001000111111111011111011111111001110011111111110011011000000000110100011111111111001111111111111101100
11111111011111110000000001100000111111111100001011111111100010111111111101011100111111111001101100000000010010101111111111111011
11111111110011000000000001010110111111111101011111111111101100111111111101011001000000000000100111111111111110001111111111111000
11111111101101000000000000110010111111111001000011111111001110111111111101100011000000000000010100000000001011011111111110000100
11111111110110110000000000101101111111111010100111111111010101001111111101011000000000000100010011111111111100111111111111100101
11111111101001100000000000101010111111110111011011111110111001111111111100011011111111110111100000000000010010101111111100101110
11111111110111010000000011100000111111111111001011111111000001101111111010110010111111111101111111111111111011101111111111001010
00000000000000100000000001101101111111111010011111111110111011111111111011111001111111111111100011111111111110001111111101011111
00000000001001001111111111101110111111111011110111111111000011111111111101101011000000000111011011111111101101111111111110010110
00000000001101110000000000111011111111111100100011111111001100011111111101100011111111111111101011111111111100011111111110110011
11111111100101110000000010000011111111111110001111111111010101111111111101000001000000000000100000000000000101110000000000010011
00000000000000000000000000111000111111110111110011111110101010011111111011110011000000000000110011111111111101101111111101100110
00000000000000000000000000000000000000000000000000000000000000000000000000000000000000000000000000000000000000000000000000000000
00000000000000000000000000000000000000000000000000000000000000000000000000000000000000000000000000000000000000000000000000000000
00000000000000000000000000000000000000000000000000000000000000000000000000000000000000000000000000000000000000000000000000000000
00000000000000000000000000000000000000000000000000000000000000000000000000000000000000000000000000000000000000000000000000000000
00000000000000000000000000000000000000000000000000000000000000000000000000000000000000000000000000000000000000000000000000000000
00000000000000000000000000000000000000000000000000000000000000000000000000000000000000000000000000000000000000000000000000000000
00000000000000000000000000000000000000000000000000000000000000000000000000000000000000000000000000000000000000000000000000000000
00000000000000000000000000000000000000000000000000000000000000000000000000000000000000000000000000000000000000000000000000000000
00000000000000000000000000000000000000000000000000000000000000000000000000000000000000000000000000000000000000000000000000000000
00000000000000000000000000000000000000000000000000000000000000000000000000000000000000000000000000000000000000000000000000000000
00000000000000000000000000000000000000000000000000000000000000000000000000000000000000000000000000000000000000000000000000000000
00000000000000000000000000000000000000000000000000000000000000000000000000000000000000000000000000000000000000000000000000000000
00000000000000000000000000000000000000000000000000000000000000000000000000000000000000000000000000000000000000000000000000000000
00000000000000000000000000000000000000000000000000000000000000000000000000000000000000000000000000000000000000000000000000000000
00000000000000000000000000000000000000000000000000000000000000000000000000000000000000000000000000000000000000000000000000000000
00000000000000000000000000000000000000000000000000000000000000000000000000000000000000000000000000000000000000000000000000000000
00000000000000000000000000000000000000000000000000000000000000000000000000000000000000000000000000000000000000000000000000000000
00000000000000000000000000000000000000000000000000000000000000000000000000000000000000000000000000000000000000000000000000000000
00000000000000000000000000000000000000000000000000000000000000000000000000000000000000000000000000000000000000000000000000000000
